"Num","Bib","Gender","Age","Time5k","OfficialTime","Result"
1,31437,2,60,1448,12962,13248
2,31437,2,60,1820,19274,16632
3,31437,2,60,1547,15292,14106
4,31437,2,60,1279,11566,11701
5,31437,2,60,1543,14873,14107
6,31437,2,60,1879,15895,17222
7,31437,2,60,1281,11618,11785
8,31437,2,60,1282,11585,11765
9,31437,2,60,1937,20213,17660
10,31437,2,60,1622,14401,14883
11,31437,2,60,1781,15965,16193
12,31437,2,60,1202,10662,11082
13,31437,2,60,1472,14902,13449
14,31437,2,60,1536,16194,13988
15,31437,2,60,1475,13937,13554
16,31437,2,60,1736,15308,15834
17,31437,2,60,1417,15415,12938
18,31437,2,60,1641,15795,15020
19,31437,2,60,1429,12263,13069
20,31437,2,60,1348,12227,12384
21,31437,2,60,1399,14183,12859
22,31437,2,60,1372,12919,12651
23,31437,2,60,1083,10650,9926
24,31437,2,60,1159,10305,10721
25,31437,2,60,1174,13801,10767
26,31437,2,60,1348,12006,12356
27,31437,2,60,1583,13818,14516
28,31437,2,60,1719,14212,15775
29,31437,2,60,1700,15938,15531
30,31437,2,60,1283,11221,11796
31,31437,2,60,1677,17013,15371
32,31437,2,60,1557,13276,14288
33,31437,2,60,1637,14423,14924
34,31437,2,60,1388,12559,12632
35,31437,2,60,1300,13399,11966
36,31437,2,60,2318,18570,21145
37,31437,2,60,1581,15613,14520
38,31437,2,60,1115,10524,10171
39,31437,2,60,1341,12499,12243
40,31437,2,60,1167,11198,10780
41,31437,2,60,1440,13315,13183
42,31437,2,60,1525,13344,13904
43,31437,2,60,1205,10887,11090
44,31437,2,60,1198,12447,10998
45,31437,2,60,1849,17041,16903
46,31437,2,60,1779,17061,16290
47,31437,2,60,1149,10077,10590
48,31437,2,60,1233,12328,11234
49,31437,2,60,1615,14122,14747
50,31437,2,60,1550,13846,14084
51,31437,2,60,1182,12379,10926
52,31437,2,60,1820,17699,16572
53,31437,2,60,1484,12937,13542
54,31437,2,60,1420,13092,13098
55,31437,2,60,1546,13834,14133
56,31437,2,60,1714,14185,15652
57,31437,2,60,1409,12427,12880
58,31437,2,60,1609,13990,14641
59,31437,2,60,1506,14037,13767
60,31437,2,60,1304,11625,11998
61,31437,2,60,1283,12479,11813
62,31437,2,60,1173,15409,10779
63,31437,2,60,1579,14760,14374
64,31437,2,60,1325,12125,12168
65,31437,2,60,1605,15221,14728
66,31437,2,60,1996,16461,18124
67,31437,2,60,1881,17094,17168
68,31437,2,60,1395,13067,12738
69,31437,2,60,1416,14351,13039
70,31437,2,60,1321,11292,12139
71,31437,2,60,1984,20227,18136
72,31437,2,60,1465,13049,13497
73,31437,2,60,1528,13711,13908
74,31437,2,60,1207,10878,11072
75,31437,2,60,2272,21154,20651
76,31437,2,60,1621,13916,14835
77,31437,2,60,1491,14224,13652
78,31437,2,60,1714,17726,15594
79,31437,2,60,1227,11306,11285
80,31437,2,60,1517,12852,13843
81,31437,2,60,1474,14194,13511
82,31437,2,60,1334,16077,12252
83,31437,2,60,1327,11297,12243
84,31437,2,60,1611,14947,14805
85,31437,2,60,1464,13677,13384
86,31437,2,60,1651,15618,15177
87,31437,2,60,2186,19564,19972
88,31437,2,60,1396,12933,12786
89,31437,2,60,1485,12855,13596
90,31437,2,60,1564,16846,14305
91,31437,2,60,1698,15513,15568
92,31437,2,60,1952,17579,17766
93,31437,2,60,1280,12082,11734
94,31437,2,60,1571,14634,14382
95,31437,2,60,1330,14469,12197
96,31437,2,60,1578,15228,14412
97,31437,2,60,1226,10677,11233
98,31437,2,60,1579,14994,14415
99,31437,2,60,1514,12854,13920
100,31437,2,60,1516,12991,13827
101,31437,2,60,1524,14101,13876
102,31437,2,60,1314,10833,12010
103,31437,2,60,1466,12394,13444
104,31437,2,60,1757,15317,16079
105,31437,2,60,1418,12651,13008
106,31437,2,60,1345,13559,12317
107,31437,2,60,1344,13278,12343
108,31437,2,60,1280,11566,11807
109,31437,2,60,1875,15956,17086
110,31437,2,60,1442,12888,13196
111,31437,2,60,1424,12884,13057
112,31437,2,60,1655,15551,15133
113,31437,2,60,1755,15197,16144
114,31437,2,60,1529,14586,13996
115,31437,2,60,1286,13219,11742
116,31437,2,60,1627,13945,14789
117,31437,2,60,1701,15575,15607
118,31437,2,60,1556,13872,14187
119,31437,2,60,1515,12386,13919
120,31437,2,60,1367,14351,12523
121,31437,2,60,1999,18228,18233
122,31437,2,60,1463,13444,13375
123,31437,2,60,1506,13659,13861
124,31437,2,60,1343,12165,12298
125,31437,2,60,1456,14169,13331
126,31437,2,60,1264,11484,11607
127,31437,2,60,1217,11426,11250
128,31437,2,60,1549,15556,14089
129,31437,2,60,1640,17009,15087
130,31437,2,60,1534,13600,14088
131,31437,2,60,1816,15399,16639
132,31437,2,60,1919,21213,17424
133,31437,2,60,1724,15879,15805
134,31437,2,60,1669,14968,15288
135,31437,2,60,1339,21514,12360
136,31437,2,60,1188,10661,10885
137,31437,2,60,1701,16266,15556
138,31437,2,60,1424,12485,13053
139,31437,2,60,1762,14947,16060
140,31437,2,60,1675,16241,15318
141,31437,2,60,1850,16865,16822
142,31437,2,60,1629,14696,14954
143,31437,2,60,1048,9539,9588
144,31437,2,60,1307,10932,12001
145,31437,2,60,1262,12148,11535
146,31437,2,60,1863,18794,17057
147,31437,2,60,1846,16692,16868
148,31437,2,60,1680,15856,15330
149,31437,2,60,1539,14072,14080
150,31437,2,60,1397,12856,12827
151,31437,2,60,1265,11227,11646
152,31437,2,60,1456,12854,13327
153,31437,2,60,1388,12547,12639
154,31437,2,60,1839,17574,16747
155,31437,2,60,1388,11974,12656
156,31437,2,60,1282,12337,11658
157,31437,2,60,1426,12546,13025
158,31437,2,60,1397,12250,12836
159,31437,2,60,1894,19148,17279
160,31437,2,60,1688,16427,15432
161,31437,2,60,1703,18389,15459
162,31437,2,60,1428,13707,12959
163,31437,2,60,1640,15667,15017
164,31437,2,60,1954,20894,17861
165,31437,2,60,1431,13289,13093
166,31437,2,60,1988,17728,18138
167,31437,2,60,1881,16209,17152
168,31437,2,60,2062,20467,18855
169,31437,2,60,1549,14385,14209
170,31437,2,60,2029,21233,18438
171,31437,2,60,1639,15670,14979
172,31437,2,60,1468,13202,13511
173,31437,2,60,1302,11476,11978
174,31437,2,60,1764,15176,16153
175,31437,2,60,1951,19808,17788
176,31437,2,60,1412,11708,13021
177,31437,2,60,1435,12822,13165
178,31437,2,60,1120,10521,10227
179,31437,2,60,1541,14645,14160
180,31437,2,60,1436,12841,13111
181,31437,2,60,1500,13122,13742
182,31437,2,60,1544,14127,14145
183,31437,2,60,1399,12638,12749
184,31437,2,60,1567,13909,14366
185,31437,2,60,1321,11633,12132
186,31437,2,60,1249,11242,11563
187,31437,2,60,1649,16488,15056
188,31437,2,60,1532,13877,14038
189,31437,2,60,1376,14363,12643
190,31437,2,60,1212,10409,11150
191,31437,2,60,1426,15074,13044
192,31437,2,60,1272,11844,11688
193,31437,2,60,1220,13761,11169
194,31437,2,60,1423,13597,13029
195,31437,2,60,1151,10348,10588
196,31437,2,60,1590,14162,14521
197,31437,2,60,1870,16555,16998
198,31437,2,60,1292,11788,11947
199,31437,2,60,1949,18524,17829
200,31437,2,60,1390,13537,12717
201,31437,2,60,1546,13539,14142
202,31437,2,60,1541,13066,14057
203,31437,2,60,1297,13398,11911
204,31437,2,60,1541,15131,14118
205,31437,2,60,1318,11655,12183
206,31437,2,60,1856,18154,17025
207,31437,2,60,1460,13109,13411
208,31437,2,60,1325,12377,12044
209,31437,2,60,1413,12909,12926
210,31437,2,60,1866,16123,17028
211,31437,2,60,1460,13195,13423
212,31437,2,60,1555,12928,14289
213,31437,2,60,1345,11382,12288
214,31437,2,60,1717,15699,15619
215,31437,2,60,1509,16084,13763
216,31437,2,60,1155,10522,10592
217,31437,2,60,1326,13160,12146
218,31437,2,60,1398,13207,12788
219,31437,2,60,1534,13613,13982
220,31437,2,60,1467,13126,13381
221,31437,2,60,1366,13819,12583
222,31437,2,60,1536,15645,14108
223,31437,2,60,1490,12396,13549
224,31437,2,60,1243,14632,11426
225,31437,2,60,1479,17430,13555
226,31437,2,60,1332,11612,12157
227,31437,2,60,1267,11717,11595
228,31437,2,60,1244,12030,11388
229,31437,2,60,1953,20553,17740
230,31437,2,60,1257,10817,11571
231,31437,2,60,1298,11362,11973
232,31437,2,60,1475,14051,13503
233,31437,2,60,1540,15126,14054
234,31437,2,60,1314,13856,12072
235,31437,2,60,1585,13748,14473
236,31437,2,60,1444,13871,13307
237,31437,2,60,1272,11433,11600
238,31437,2,60,1550,13459,14188
239,31437,2,60,2035,21359,18552
240,31437,2,60,1675,15420,15297
241,31437,2,60,1491,15534,13656
242,31437,2,60,1575,15484,14449
243,31437,2,60,1728,16623,15742
244,31437,2,60,1939,17877,17750
245,31437,2,60,1355,11460,12440
246,31437,2,60,1378,13709,12607
247,31437,2,60,1426,12553,13065
248,31437,2,60,1615,14349,14746
249,31437,2,60,1340,12090,12247
250,31437,2,60,1536,13164,14160
251,31437,2,60,1444,12990,13260
252,31437,2,60,1426,13859,13118
253,31437,2,60,1614,15557,14760
254,31437,2,60,1270,10872,11696
255,31437,2,60,1066,9832,9844
256,31437,2,60,1974,18786,17975
257,31437,2,60,1562,13500,14351
258,31437,2,60,1344,11674,12314
259,31437,2,60,1460,12979,13437
260,31437,2,60,1579,13834,14454
261,31437,2,60,1409,11904,12887
262,31437,2,60,1429,15430,13142
263,31437,2,60,1436,13715,13122
264,31437,2,60,1882,18047,17169
265,31437,2,60,2067,19825,18929
266,31437,2,60,1398,12095,12865
267,31437,2,60,1317,13310,12084
268,31437,2,60,1606,13898,14682
269,31437,2,60,1096,10247,10119
270,31437,2,60,1793,17510,16416
271,31437,2,60,1313,14774,12015
272,31437,2,60,1385,14215,12644
273,31437,2,60,1550,13724,14113
274,31437,2,60,1296,11479,11974
275,31437,2,60,1367,12497,12501
276,31437,2,60,1855,21090,17004
277,31437,2,60,1365,12742,12450
278,31437,2,60,1562,13112,14304
279,31437,2,60,1628,12857,14955
280,31437,2,60,1502,13812,13699
281,31437,2,60,1270,11050,11686
282,31437,2,60,1463,13373,13383
283,31437,2,60,1309,11555,12017
284,31437,2,60,1683,15356,15366
285,31437,2,60,1352,12079,12448
286,31437,2,60,1337,11306,12270
287,31437,2,60,1413,13680,13003
288,31437,2,60,1480,20227,13528
289,31437,2,60,1537,14459,14104
290,31437,2,60,1920,16452,17547
291,31437,2,60,1201,10563,11055
292,31437,2,60,1447,12119,13239
293,31437,2,60,1626,14611,14844
294,31437,2,60,1380,13012,12646
295,31437,2,60,1215,10352,11157
296,31437,2,60,1462,13199,13435
297,31437,2,60,1181,10265,10836
298,31437,2,60,1622,13232,14846
299,31437,2,60,1278,11930,11645
300,31437,2,60,1691,14335,15576
301,31437,2,60,1163,10183,10662
302,31437,2,60,1223,10182,11198
303,31437,2,60,1592,15416,14487
304,31437,2,60,1327,13170,12213
305,31437,2,60,1214,11399,11233
306,31437,2,60,1696,13520,15471
307,31437,2,60,1237,13021,11357
308,31437,2,60,1139,11398,10474
309,31437,2,60,1523,13142,13977
310,31437,2,60,1418,12523,13008
311,31437,2,60,1273,11117,11681
312,31437,2,60,1607,14315,14671
313,31437,2,60,1338,13063,12332
314,31437,2,60,1566,14359,14348
315,31437,2,60,1264,10726,11554
316,31437,2,60,1467,14278,13409
317,31437,2,60,1619,13306,14791
318,31437,2,60,1892,18377,17267
319,31437,2,60,1568,17354,14268
320,31437,2,60,1238,11414,11390
321,31437,2,60,1603,14712,14697
322,31437,2,60,1535,16174,14008
323,31437,2,60,1503,16526,13830
324,31437,2,60,1295,12538,11868
325,31437,2,60,1555,17253,14228
326,31437,2,60,1331,11981,12164
327,31437,2,60,1487,13235,13666
328,31437,2,60,1488,15008,13599
329,31437,2,60,1652,14109,15074
330,31437,2,60,1953,20939,17801
331,31437,2,60,1596,14993,14624
332,31437,2,60,1559,15217,14234
333,31437,2,60,1627,13945,14789
334,31437,2,60,1377,12441,12547
335,31437,2,60,1584,14054,14471
336,31437,2,60,1428,13411,13126
337,31437,2,60,1643,15969,14964
338,31437,2,60,1494,13753,13691
339,31437,2,60,1595,14841,14657
340,31437,2,60,1095,9903,10033
341,31437,2,60,1476,13934,13540
342,31437,2,60,1540,14511,14156
343,31437,2,60,1829,14973,16692
344,31437,2,60,1294,11530,11919
345,31437,2,60,1798,16567,16472
346,31437,2,60,1099,9553,10089
347,31437,2,60,1582,13765,14491
348,31437,2,60,1106,10013,10218
349,31437,2,60,1680,17366,15323
350,31437,2,60,1326,11767,12201
351,31437,2,60,1250,10105,11479
352,31437,2,60,1414,13916,12920
353,31437,2,60,1793,17494,16372
354,31437,2,60,1379,14496,12692
355,31437,2,60,1535,14791,14037
356,31437,2,60,1142,11442,10495
357,31437,2,60,1816,16000,16569
358,31437,2,60,1514,14563,14009
359,31437,2,60,1289,10924,11870
360,31437,2,60,1499,13339,13584
361,31437,2,60,1256,12185,11453
362,31437,2,60,1497,12899,13712
363,31437,2,60,1466,15589,13469
364,31437,2,60,1627,12582,14902
365,31437,2,60,1550,13639,14217
366,31437,2,60,1785,14821,16335
367,31437,2,60,1590,14218,14536
368,31437,2,60,1141,10098,10506
369,31437,2,60,1285,12505,11714
370,31437,2,60,1599,13841,14670
371,31437,2,60,1478,14368,13513
372,31437,2,60,1466,13224,13434
373,31437,2,60,1547,15984,14077
374,31437,2,60,2219,19203,20166
375,31437,2,60,1215,10475,11159
376,31437,2,60,1675,14747,15374
377,31437,2,60,1749,17994,16018
378,31437,2,60,1141,10098,10506
379,31437,2,60,1714,16771,15654

