"Num","Bib","Gender","Age","Time5k","OfficialTime","Result"
1,31437,2,20,1448,12962,12999
2,31437,2,20,1820,19274,16404
3,31437,2,20,1547,15292,13903
4,31437,2,20,1279,11566,11450
5,31437,2,20,1543,14873,13895
6,31437,2,20,1879,15895,16908
7,31437,2,20,1281,11618,11529
8,31437,2,20,1282,11585,11561
9,31437,2,20,1937,20213,17347
10,31437,2,20,1622,14401,14650
11,31437,2,20,1781,15965,15996
12,31437,2,20,1202,10662,10860
13,31437,2,20,1472,14902,13319
14,31437,2,20,1536,16194,13745
15,31437,2,20,1475,13937,13254
16,31437,2,20,1736,15308,15587
17,31437,2,20,1417,15415,12691
18,31437,2,20,1641,15795,14713
19,31437,2,20,1429,12263,12851
20,31437,2,20,1348,12227,12153
21,31437,2,20,1399,14183,12592
22,31437,2,20,1372,12919,12383
23,31437,2,20,1083,10650,9632
24,31437,2,20,1159,10305,10559
25,31437,2,20,1174,13801,10565
26,31437,2,20,1348,12006,12050
27,31437,2,20,1583,13818,14272
28,31437,2,20,1719,14212,15472
29,31437,2,20,1700,15938,15286
30,31437,2,20,1283,11221,11536
31,31437,2,20,1677,17013,15100
32,31437,2,20,1557,13276,14048
33,31437,2,20,1637,14423,14679
34,31437,2,20,1388,12559,12513
35,31437,2,20,1300,13399,11684
36,31437,2,20,2318,18570,20906
37,31437,2,20,1581,15613,14282
38,31437,2,20,1115,10524,9994
39,31437,2,20,1341,12499,12073
40,31437,2,20,1167,11198,10554
41,31437,2,20,1440,13315,13061
42,31437,2,20,1525,13344,13694
43,31437,2,20,1205,10887,10950
44,31437,2,20,1198,12447,10800
45,31437,2,20,1849,17041,16641
46,31437,2,20,1779,17061,16090
47,31437,2,20,1149,10077,10365
48,31437,2,20,1233,12328,11124
49,31437,2,20,1615,14122,14523
50,31437,2,20,1550,13846,14008
51,31437,2,20,1182,12379,10634
52,31437,2,20,1820,17699,16403
53,31437,2,20,1484,12937,13307
54,31437,2,20,1420,13092,12768
55,31437,2,20,1546,13834,13823
56,31437,2,20,1714,14185,15536
57,31437,2,20,1409,12427,12667
58,31437,2,20,1609,13990,14574
59,31437,2,20,1506,14037,13530
60,31437,2,20,1304,11625,11804
61,31437,2,20,1283,12479,11670
62,31437,2,20,1173,15409,10560
63,31437,2,20,1579,14760,14207
64,31437,2,20,1325,12125,11958
65,31437,2,20,1605,15221,14452
66,31437,2,20,1996,16461,17946
67,31437,2,20,1881,17094,16910
68,31437,2,20,1395,13067,12630
69,31437,2,20,1416,14351,12781
70,31437,2,20,1321,11292,11955
71,31437,2,20,1984,20227,17816
72,31437,2,20,1465,13049,13197
73,31437,2,20,1528,13711,13802
74,31437,2,20,1207,10878,10875
75,31437,2,20,2272,21154,20538
76,31437,2,20,1621,13916,14632
77,31437,2,20,1491,14224,13492
78,31437,2,20,1714,17726,15481
79,31437,2,20,1227,11306,10962
80,31437,2,20,1517,12852,13664
81,31437,2,20,1474,14194,13218
82,31437,2,20,1334,16077,11997
83,31437,2,20,1327,11297,11951
84,31437,2,20,1611,14947,14527
85,31437,2,20,1464,13677,13233
86,31437,2,20,1651,15618,14852
87,31437,2,20,2186,19564,19624
88,31437,2,20,1396,12933,12488
89,31437,2,20,1485,12855,13400
90,31437,2,20,1564,16846,14060
91,31437,2,20,1698,15513,15395
92,31437,2,20,1952,17579,17538
93,31437,2,20,1280,12082,11481
94,31437,2,20,1571,14634,14121
95,31437,2,20,1330,14469,11938
96,31437,2,20,1578,15228,14251
97,31437,2,20,1226,10677,10979
98,31437,2,20,1579,14994,14267
99,31437,2,20,1514,12854,13667
100,31437,2,20,1516,12991,13672
101,31437,2,20,1524,14101,13713
102,31437,2,20,1314,10833,11797
103,31437,2,20,1466,12394,13202
104,31437,2,20,1757,15317,15817
105,31437,2,20,1418,12651,12737
106,31437,2,20,1345,13559,12102
107,31437,2,20,1344,13278,12066
108,31437,2,20,1280,11566,11548
109,31437,2,20,1875,15956,16847
110,31437,2,20,1442,12888,12995
111,31437,2,20,1424,12884,12864
112,31437,2,20,1655,15551,14962
113,31437,2,20,1755,15197,15847
114,31437,2,20,1529,14586,13692
115,31437,2,20,1286,13219,11570
116,31437,2,20,1627,13945,14753
117,31437,2,20,1701,15575,15372
118,31437,2,20,1556,13872,13931
119,31437,2,20,1515,12386,13617
120,31437,2,20,1367,14351,12263
121,31437,2,20,1999,18228,18036
122,31437,2,20,1463,13444,13168
123,31437,2,20,1506,13659,13568
124,31437,2,20,1343,12165,12096
125,31437,2,20,1456,14169,13045
126,31437,2,20,1264,11484,11390
127,31437,2,20,1217,11426,11013
128,31437,2,20,1549,15556,13938
129,31437,2,20,1640,17009,14711
130,31437,2,20,1534,13600,13729
131,31437,2,20,1816,15399,16321
132,31437,2,20,1919,21213,17227
133,31437,2,20,1724,15879,15544
134,31437,2,20,1669,14968,14994
135,31437,2,20,1339,21514,12024
136,31437,2,20,1188,10661,10695
137,31437,2,20,1701,16266,15326
138,31437,2,20,1424,12485,12793
139,31437,2,20,1762,14947,15896
140,31437,2,20,1675,16241,15090
141,31437,2,20,1850,16865,16693
142,31437,2,20,1629,14696,14652
143,31437,2,20,1048,9539,9448
144,31437,2,20,1307,10932,11786
145,31437,2,20,1262,12148,11462
146,31437,2,20,1863,18794,16846
147,31437,2,20,1846,16692,16668
148,31437,2,20,1680,15856,15163
149,31437,2,20,1539,14072,13802
150,31437,2,20,1397,12856,12612
151,31437,2,20,1265,11227,11405
152,31437,2,20,1456,12854,13050
153,31437,2,20,1388,12547,12478
154,31437,2,20,1839,17574,16511
155,31437,2,20,1388,11974,12584
156,31437,2,20,1282,12337,11569
157,31437,2,20,1426,12546,12779
158,31437,2,20,1397,12250,12586
159,31437,2,20,1894,19148,17025
160,31437,2,20,1688,16427,15190
161,31437,2,20,1703,18389,15245
162,31437,2,20,1428,13707,12874
163,31437,2,20,1640,15667,14779
164,31437,2,20,1954,20894,17531
165,31437,2,20,1431,13289,12894
166,31437,2,20,1988,17728,17883
167,31437,2,20,1881,16209,16972
168,31437,2,20,2062,20467,18609
169,31437,2,20,1549,14385,13883
170,31437,2,20,2029,21233,18338
171,31437,2,20,1639,15670,14760
172,31437,2,20,1468,13202,13217
173,31437,2,20,1302,11476,11785
174,31437,2,20,1764,15176,15838
175,31437,2,20,1951,19808,17510
176,31437,2,20,1412,11708,12761
177,31437,2,20,1435,12822,13012
178,31437,2,20,1120,10521,10054
179,31437,2,20,1541,14645,13839
180,31437,2,20,1436,12841,12959
181,31437,2,20,1500,13122,13534
182,31437,2,20,1544,14127,13896
183,31437,2,20,1399,12638,12632
184,31437,2,20,1567,13909,14174
185,31437,2,20,1321,11633,11872
186,31437,2,20,1249,11242,11289
187,31437,2,20,1649,16488,14805
188,31437,2,20,1532,13877,13864
189,31437,2,20,1376,14363,12435
190,31437,2,20,1212,10409,10975
191,31437,2,20,1426,15074,12754
192,31437,2,20,1272,11844,11447
193,31437,2,20,1220,13761,11030
194,31437,2,20,1423,13597,12774
195,31437,2,20,1151,10348,10416
196,31437,2,20,1590,14162,14366
197,31437,2,20,1870,16555,16899
198,31437,2,20,1292,11788,11640
199,31437,2,20,1949,18524,17550
200,31437,2,20,1390,13537,12568
201,31437,2,20,1546,13539,13982
202,31437,2,20,1541,13066,13912
203,31437,2,20,1297,13398,11710
204,31437,2,20,1541,15131,13919
205,31437,2,20,1318,11655,11829
206,31437,2,20,1856,18154,16800
207,31437,2,20,1460,13109,13165
208,31437,2,20,1325,12377,11908
209,31437,2,20,1413,12909,12740
210,31437,2,20,1866,16123,16858
211,31437,2,20,1460,13195,13124
212,31437,2,20,1555,12928,14014
213,31437,2,20,1345,11382,12111
214,31437,2,20,1717,15699,15563
215,31437,2,20,1509,16084,13598
216,31437,2,20,1155,10522,10369
217,31437,2,20,1326,13160,11859
218,31437,2,20,1398,13207,12597
219,31437,2,20,1534,13613,13849
220,31437,2,20,1467,13126,13220
221,31437,2,20,1366,13819,12345
222,31437,2,20,1536,15645,13851
223,31437,2,20,1490,12396,13468
224,31437,2,20,1243,14632,11255
225,31437,2,20,1479,17430,13319
226,31437,2,20,1332,11612,12039
227,31437,2,20,1267,11717,11431
228,31437,2,20,1244,12030,11206
229,31437,2,20,1953,20553,17626
230,31437,2,20,1257,10817,11336
231,31437,2,20,1298,11362,11775
232,31437,2,20,1475,14051,13376
233,31437,2,20,1540,15126,13937
234,31437,2,20,1314,13856,11833
235,31437,2,20,1585,13748,14273
236,31437,2,20,1444,13871,13018
237,31437,2,20,1272,11433,11586
238,31437,2,20,1550,13459,13989
239,31437,2,20,2035,21359,18295
240,31437,2,20,1675,15420,15097
241,31437,2,20,1491,15534,13428
242,31437,2,20,1575,15484,14182
243,31437,2,20,1728,16623,15528
244,31437,2,20,1939,17877,17460
245,31437,2,20,1355,11460,12251
246,31437,2,20,1378,13709,12495
247,31437,2,20,1426,12553,12909
248,31437,2,20,1615,14349,14476
249,31437,2,20,1340,12090,12065
250,31437,2,20,1536,13164,13813
251,31437,2,20,1444,12990,13110
252,31437,2,20,1426,13859,12831
253,31437,2,20,1614,15557,14585
254,31437,2,20,1270,10872,11440
255,31437,2,20,1066,9832,9644
256,31437,2,20,1974,18786,17643
257,31437,2,20,1562,13500,14050
258,31437,2,20,1344,11674,12112
259,31437,2,20,1460,12979,13205
260,31437,2,20,1579,13834,14226
261,31437,2,20,1409,11904,12705
262,31437,2,20,1429,15430,12837
263,31437,2,20,1436,13715,12957
264,31437,2,20,1882,18047,17031
265,31437,2,20,2067,19825,18675
266,31437,2,20,1398,12095,12587
267,31437,2,20,1317,13310,11897
268,31437,2,20,1606,13898,14406
269,31437,2,20,1096,10247,9825
270,31437,2,20,1793,17510,16163
271,31437,2,20,1313,14774,11839
272,31437,2,20,1385,14215,12432
273,31437,2,20,1550,13724,13997
274,31437,2,20,1296,11479,11732
275,31437,2,20,1367,12497,12258
276,31437,2,20,1855,21090,16662
277,31437,2,20,1365,12742,12405
278,31437,2,20,1562,13112,14115
279,31437,2,20,1628,12857,14644
280,31437,2,20,1502,13812,13458
281,31437,2,20,1270,11050,11406
282,31437,2,20,1463,13373,13182
283,31437,2,20,1309,11555,11729
284,31437,2,20,1683,15356,15125
285,31437,2,20,1352,12079,12195
286,31437,2,20,1337,11306,12067
287,31437,2,20,1413,13680,12740
288,31437,2,20,1480,20227,13322
289,31437,2,20,1537,14459,13965
290,31437,2,20,1920,16452,17283
291,31437,2,20,1201,10563,10788
292,31437,2,20,1447,12119,13008
293,31437,2,20,1626,14611,14644
294,31437,2,20,1380,13012,12395
295,31437,2,20,1215,10352,10950
296,31437,2,20,1462,13199,13201
297,31437,2,20,1181,10265,10688
298,31437,2,20,1622,13232,14669
299,31437,2,20,1278,11930,11513
300,31437,2,20,1691,14335,15223
301,31437,2,20,1163,10183,10562
302,31437,2,20,1223,10182,11032
303,31437,2,20,1592,15416,14290
304,31437,2,20,1327,13170,11928
305,31437,2,20,1214,11399,10901
306,31437,2,20,1696,13520,15302
307,31437,2,20,1237,13021,11122
308,31437,2,20,1139,11398,10273
309,31437,2,20,1523,13142,13740
310,31437,2,20,1418,12523,12746
311,31437,2,20,1273,11117,11528
312,31437,2,20,1607,14315,14489
313,31437,2,20,1338,13063,12009
314,31437,2,20,1566,14359,14074
315,31437,2,20,1264,10726,11373
316,31437,2,20,1467,14278,13249
317,31437,2,20,1619,13306,14637
318,31437,2,20,1892,18377,17065
319,31437,2,20,1568,17354,14218
320,31437,2,20,1238,11414,11216
321,31437,2,20,1603,14712,14426
322,31437,2,20,1535,16174,13847
323,31437,2,20,1503,16526,13607
324,31437,2,20,1295,12538,11611
325,31437,2,20,1555,17253,13983
326,31437,2,20,1331,11981,12007
327,31437,2,20,1487,13235,13319
328,31437,2,20,1488,15008,13371
329,31437,2,20,1652,14109,14829
330,31437,2,20,1953,20939,17667
331,31437,2,20,1596,14993,14364
332,31437,2,20,1559,15217,14034
333,31437,2,20,1627,13945,14753
334,31437,2,20,1377,12441,12408
335,31437,2,20,1584,14054,14291
336,31437,2,20,1428,13411,12882
337,31437,2,20,1643,15969,14854
338,31437,2,20,1494,13753,13497
339,31437,2,20,1595,14841,14349
340,31437,2,20,1095,9903,9851
341,31437,2,20,1476,13934,13407
342,31437,2,20,1540,14511,13845
343,31437,2,20,1829,14973,16465
344,31437,2,20,1294,11530,11662
345,31437,2,20,1798,16567,16136
346,31437,2,20,1099,9553,9921
347,31437,2,20,1582,13765,14270
348,31437,2,20,1106,10013,9950
349,31437,2,20,1680,17366,15259
350,31437,2,20,1326,11767,11974
351,31437,2,20,1250,10105,11287
352,31437,2,20,1414,13916,12732
353,31437,2,20,1793,17494,16149
354,31437,2,20,1379,14496,12465
355,31437,2,20,1535,14791,13756
356,31437,2,20,1142,11442,10303
357,31437,2,20,1816,16000,16387
358,31437,2,20,1514,14563,13703
359,31437,2,20,1289,10924,11622
360,31437,2,20,1499,13339,13474
361,31437,2,20,1256,12185,11288
362,31437,2,20,1497,12899,13514
363,31437,2,20,1466,15589,13320
364,31437,2,20,1627,12582,14680
365,31437,2,20,1550,13639,13966
366,31437,2,20,1785,14821,16094
367,31437,2,20,1590,14218,14343
368,31437,2,20,1141,10098,10257
369,31437,2,20,1285,12505,11559
370,31437,2,20,1599,13841,14396
371,31437,2,20,1478,14368,13379
372,31437,2,20,1466,13224,13229
373,31437,2,20,1547,15984,13933
374,31437,2,20,2219,19203,19960
375,31437,2,20,1215,10475,10911
376,31437,2,20,1675,14747,15078
377,31437,2,20,1749,17994,15661
378,31437,2,20,1141,10098,10257
379,31437,2,20,1714,16771,15456

