"Num","Bib","Gender","Age","Time5k","OfficialTime","Result"
1,31437,1,60,1448,12962,13507
2,31437,1,60,1820,19274,16720
3,31437,1,60,1547,15292,14302
4,31437,1,60,1279,11566,12022
5,31437,1,60,1543,14873,14239
6,31437,1,60,1879,15895,17256
7,31437,1,60,1281,11618,11924
8,31437,1,60,1282,11585,11946
9,31437,1,60,1937,20213,17829
10,31437,1,60,1622,14401,14970
11,31437,1,60,1781,15965,16457
12,31437,1,60,1202,10662,11182
13,31437,1,60,1472,14902,13656
14,31437,1,60,1536,16194,14271
15,31437,1,60,1475,13937,13658
16,31437,1,60,1736,15308,15962
17,31437,1,60,1417,15415,13155
18,31437,1,60,1641,15795,15199
19,31437,1,60,1429,12263,13245
20,31437,1,60,1348,12227,12658
21,31437,1,60,1399,14183,13008
22,31437,1,60,1372,12919,12719
23,31437,1,60,1083,10650,10081
24,31437,1,60,1159,10305,10802
25,31437,1,60,1174,13801,10945
26,31437,1,60,1348,12006,12547
27,31437,1,60,1583,13818,14610
28,31437,1,60,1719,14212,15908
29,31437,1,60,1700,15938,15700
30,31437,1,60,1283,11221,12041
31,31437,1,60,1677,17013,15577
32,31437,1,60,1557,13276,14421
33,31437,1,60,1637,14423,15164
34,31437,1,60,1388,12559,12856
35,31437,1,60,1300,13399,12063
36,31437,1,60,2318,18570,21352
37,31437,1,60,1581,15613,14552
38,31437,1,60,1115,10524,10487
39,31437,1,60,1341,12499,12447
40,31437,1,60,1167,11198,10836
41,31437,1,60,1440,13315,13389
42,31437,1,60,1525,13344,14215
43,31437,1,60,1205,10887,11267
44,31437,1,60,1198,12447,11239
45,31437,1,60,1849,17041,17094
46,31437,1,60,1779,17061,16438
47,31437,1,60,1149,10077,10731
48,31437,1,60,1233,12328,11642
49,31437,1,60,1615,14122,14880
50,31437,1,60,1550,13846,14395
51,31437,1,60,1182,12379,11052
52,31437,1,60,1820,17699,16824
53,31437,1,60,1484,12937,13679
54,31437,1,60,1420,13092,13189
55,31437,1,60,1546,13834,14438
56,31437,1,60,1714,14185,15875
57,31437,1,60,1409,12427,13139
58,31437,1,60,1609,13990,14809
59,31437,1,60,1506,14037,13886
60,31437,1,60,1304,11625,12162
61,31437,1,60,1283,12479,12016
62,31437,1,60,1173,15409,10899
63,31437,1,60,1579,14760,14607
64,31437,1,60,1325,12125,12412
65,31437,1,60,1605,15221,14918
66,31437,1,60,1996,16461,18322
67,31437,1,60,1881,17094,17360
68,31437,1,60,1395,13067,12986
69,31437,1,60,1416,14351,13194
70,31437,1,60,1321,11292,12395
71,31437,1,60,1984,20227,18244
72,31437,1,60,1465,13049,13611
73,31437,1,60,1528,13711,14146
74,31437,1,60,1207,10878,11324
75,31437,1,60,2272,21154,20831
76,31437,1,60,1621,13916,15100
77,31437,1,60,1491,14224,13833
78,31437,1,60,1714,17726,15785
79,31437,1,60,1227,11306,11464
80,31437,1,60,1517,12852,14062
81,31437,1,60,1474,14194,13700
82,31437,1,60,1334,16077,12407
83,31437,1,60,1327,11297,12392
84,31437,1,60,1611,14947,15047
85,31437,1,60,1464,13677,13583
86,31437,1,60,1651,15618,15293
87,31437,1,60,2186,19564,20049
88,31437,1,60,1396,12933,12990
89,31437,1,60,1485,12855,13840
90,31437,1,60,1564,16846,14554
91,31437,1,60,1698,15513,15685
92,31437,1,60,1952,17579,17987
93,31437,1,60,1280,12082,12042
94,31437,1,60,1571,14634,14457
95,31437,1,60,1330,14469,12339
96,31437,1,60,1578,15228,14633
97,31437,1,60,1226,10677,11420
98,31437,1,60,1579,14994,14624
99,31437,1,60,1514,12854,14146
100,31437,1,60,1516,12991,14024
101,31437,1,60,1524,14101,14238
102,31437,1,60,1314,10833,12198
103,31437,1,60,1466,12394,13641
104,31437,1,60,1757,15317,16187
105,31437,1,60,1418,12651,13146
106,31437,1,60,1345,13559,12545
107,31437,1,60,1344,13278,12516
108,31437,1,60,1280,11566,11908
109,31437,1,60,1875,15956,17255
110,31437,1,60,1442,12888,13359
111,31437,1,60,1424,12884,13253
112,31437,1,60,1655,15551,15305
113,31437,1,60,1755,15197,16185
114,31437,1,60,1529,14586,14208
115,31437,1,60,1286,13219,12004
116,31437,1,60,1627,13945,15102
117,31437,1,60,1701,15575,15748
118,31437,1,60,1556,13872,14472
119,31437,1,60,1515,12386,14015
120,31437,1,60,1367,14351,12762
121,31437,1,60,1999,18228,18388
122,31437,1,60,1463,13444,13578
123,31437,1,60,1506,13659,14078
124,31437,1,60,1343,12165,12527
125,31437,1,60,1456,14169,13523
126,31437,1,60,1264,11484,11773
127,31437,1,60,1217,11426,11385
128,31437,1,60,1549,15556,14310
129,31437,1,60,1640,17009,15176
130,31437,1,60,1534,13600,14216
131,31437,1,60,1816,15399,16751
132,31437,1,60,1919,21213,17754
133,31437,1,60,1724,15879,15898
134,31437,1,60,1669,14968,15449
135,31437,1,60,1339,21514,12502
136,31437,1,60,1188,10661,11168
137,31437,1,60,1701,16266,15732
138,31437,1,60,1424,12485,13330
139,31437,1,60,1762,14947,16287
140,31437,1,60,1675,16241,15498
141,31437,1,60,1850,16865,17093
142,31437,1,60,1629,14696,15189
143,31437,1,60,1048,9539,9951
144,31437,1,60,1307,10932,12198
145,31437,1,60,1262,12148,11756
146,31437,1,60,1863,18794,17135
147,31437,1,60,1846,16692,17024
148,31437,1,60,1680,15856,15550
149,31437,1,60,1539,14072,14297
150,31437,1,60,1397,12856,12942
151,31437,1,60,1265,11227,11860
152,31437,1,60,1456,12854,13450
153,31437,1,60,1388,12547,12867
154,31437,1,60,1839,17574,16981
155,31437,1,60,1388,11974,12836
156,31437,1,60,1282,12337,12001
157,31437,1,60,1426,12546,13322
158,31437,1,60,1397,12250,13135
159,31437,1,60,1894,19148,17495
160,31437,1,60,1688,16427,15661
161,31437,1,60,1703,18389,15774
162,31437,1,60,1428,13707,13305
163,31437,1,60,1640,15667,15156
164,31437,1,60,1954,20894,17956
165,31437,1,60,1431,13289,13331
166,31437,1,60,1988,17728,18370
167,31437,1,60,1881,16209,17372
168,31437,1,60,2062,20467,19031
169,31437,1,60,1549,14385,14377
170,31437,1,60,2029,21233,18645
171,31437,1,60,1639,15670,15116
172,31437,1,60,1468,13202,13680
173,31437,1,60,1302,11476,12161
174,31437,1,60,1764,15176,16270
175,31437,1,60,1951,19808,18055
176,31437,1,60,1412,11708,13104
177,31437,1,60,1435,12822,13294
178,31437,1,60,1120,10521,10434
179,31437,1,60,1541,14645,14288
180,31437,1,60,1436,12841,13243
181,31437,1,60,1500,13122,13950
182,31437,1,60,1544,14127,14325
183,31437,1,60,1399,12638,12926
184,31437,1,60,1567,13909,14465
185,31437,1,60,1321,11633,12278
186,31437,1,60,1249,11242,11595
187,31437,1,60,1649,16488,15257
188,31437,1,60,1532,13877,14232
189,31437,1,60,1376,14363,12823
190,31437,1,60,1212,10409,11271
191,31437,1,60,1426,15074,13182
192,31437,1,60,1272,11844,11980
193,31437,1,60,1220,13761,11480
194,31437,1,60,1423,13597,13251
195,31437,1,60,1151,10348,10724
196,31437,1,60,1590,14162,14729
197,31437,1,60,1870,16555,17339
198,31437,1,60,1292,11788,11988
199,31437,1,60,1949,18524,18012
200,31437,1,60,1390,13537,12911
201,31437,1,60,1546,13539,14382
202,31437,1,60,1541,13066,14341
203,31437,1,60,1297,13398,12034
204,31437,1,60,1541,15131,14321
205,31437,1,60,1318,11655,12296
206,31437,1,60,1856,18154,17085
207,31437,1,60,1460,13109,13607
208,31437,1,60,1325,12377,12281
209,31437,1,60,1413,12909,13101
210,31437,1,60,1866,16123,17257
211,31437,1,60,1460,13195,13540
212,31437,1,60,1555,12928,14482
213,31437,1,60,1345,11382,12629
214,31437,1,60,1717,15699,15863
215,31437,1,60,1509,16084,13962
216,31437,1,60,1155,10522,10791
217,31437,1,60,1326,13160,12372
218,31437,1,60,1398,13207,13058
219,31437,1,60,1534,13613,14219
220,31437,1,60,1467,13126,13672
221,31437,1,60,1366,13819,12735
222,31437,1,60,1536,15645,14330
223,31437,1,60,1490,12396,13783
224,31437,1,60,1243,14632,11542
225,31437,1,60,1479,17430,13808
226,31437,1,60,1332,11612,12457
227,31437,1,60,1267,11717,11852
228,31437,1,60,1244,12030,11593
229,31437,1,60,1953,20553,17997
230,31437,1,60,1257,10817,11764
231,31437,1,60,1298,11362,12146
232,31437,1,60,1475,14051,13748
233,31437,1,60,1540,15126,14296
234,31437,1,60,1314,13856,12290
235,31437,1,60,1585,13748,14657
236,31437,1,60,1444,13871,13410
237,31437,1,60,1272,11433,11900
238,31437,1,60,1550,13459,14383
239,31437,1,60,2035,21359,18902
240,31437,1,60,1675,15420,15455
241,31437,1,60,1491,15534,13892
242,31437,1,60,1575,15484,14596
243,31437,1,60,1728,16623,15996
244,31437,1,60,1939,17877,17805
245,31437,1,60,1355,11460,12690
246,31437,1,60,1378,13709,12819
247,31437,1,60,1426,12553,13230
248,31437,1,60,1615,14349,14991
249,31437,1,60,1340,12090,12479
250,31437,1,60,1536,13164,14236
251,31437,1,60,1444,12990,13416
252,31437,1,60,1426,13859,13256
253,31437,1,60,1614,15557,15005
254,31437,1,60,1270,10872,11830
255,31437,1,60,1066,9832,9986
256,31437,1,60,1974,18786,18159
257,31437,1,60,1562,13500,14517
258,31437,1,60,1344,11674,12458
259,31437,1,60,1460,12979,13543
260,31437,1,60,1579,13834,14728
261,31437,1,60,1409,11904,12987
262,31437,1,60,1429,15430,13331
263,31437,1,60,1436,13715,13372
264,31437,1,60,1882,18047,17292
265,31437,1,60,2067,19825,19109
266,31437,1,60,1398,12095,13060
267,31437,1,60,1317,13310,12271
268,31437,1,60,1606,13898,14896
269,31437,1,60,1096,10247,10258
270,31437,1,60,1793,17510,16624
271,31437,1,60,1313,14774,12183
272,31437,1,60,1385,14215,12861
273,31437,1,60,1550,13724,14406
274,31437,1,60,1296,11479,12136
275,31437,1,60,1367,12497,12624
276,31437,1,60,1855,21090,17086
277,31437,1,60,1365,12742,12614
278,31437,1,60,1562,13112,14499
279,31437,1,60,1628,12857,15065
280,31437,1,60,1502,13812,13893
281,31437,1,60,1270,11050,11847
282,31437,1,60,1463,13373,13548
283,31437,1,60,1309,11555,12251
284,31437,1,60,1683,15356,15545
285,31437,1,60,1352,12079,12567
286,31437,1,60,1337,11306,12434
287,31437,1,60,1413,13680,13172
288,31437,1,60,1480,20227,13715
289,31437,1,60,1537,14459,14247
290,31437,1,60,1920,16452,17649
291,31437,1,60,1201,10563,11187
292,31437,1,60,1447,12119,13480
293,31437,1,60,1626,14611,15113
294,31437,1,60,1380,13012,12783
295,31437,1,60,1215,10352,11306
296,31437,1,60,1462,13199,13647
297,31437,1,60,1181,10265,11135
298,31437,1,60,1622,13232,14993
299,31437,1,60,1278,11930,12025
300,31437,1,60,1691,14335,15635
301,31437,1,60,1163,10183,10813
302,31437,1,60,1223,10182,11376
303,31437,1,60,1592,15416,14716
304,31437,1,60,1327,13170,12333
305,31437,1,60,1214,11399,11435
306,31437,1,60,1696,13520,15723
307,31437,1,60,1237,13021,11520
308,31437,1,60,1139,11398,10732
309,31437,1,60,1523,13142,14126
310,31437,1,60,1418,12523,13133
311,31437,1,60,1273,11117,11879
312,31437,1,60,1607,14315,14844
313,31437,1,60,1338,13063,12508
314,31437,1,60,1566,14359,14488
315,31437,1,60,1264,10726,11790
316,31437,1,60,1467,14278,13681
317,31437,1,60,1619,13306,15043
318,31437,1,60,1892,18377,17405
319,31437,1,60,1568,17354,14440
320,31437,1,60,1238,11414,11650
321,31437,1,60,1603,14712,14834
322,31437,1,60,1535,16174,14219
323,31437,1,60,1503,16526,13945
324,31437,1,60,1295,12538,12073
325,31437,1,60,1555,17253,14407
326,31437,1,60,1331,11981,12311
327,31437,1,60,1487,13235,13858
328,31437,1,60,1488,15008,13819
329,31437,1,60,1652,14109,15383
330,31437,1,60,1953,20939,17932
331,31437,1,60,1596,14993,14751
332,31437,1,60,1559,15217,14545
333,31437,1,60,1627,13945,15102
334,31437,1,60,1377,12441,12799
335,31437,1,60,1584,14054,14629
336,31437,1,60,1428,13411,13290
337,31437,1,60,1643,15969,15240
338,31437,1,60,1494,13753,13924
339,31437,1,60,1595,14841,14749
340,31437,1,60,1095,9903,10266
341,31437,1,60,1476,13934,13715
342,31437,1,60,1540,14511,14292
343,31437,1,60,1829,14973,16865
344,31437,1,60,1294,11530,12046
345,31437,1,60,1798,16567,16725
346,31437,1,60,1099,9553,10278
347,31437,1,60,1582,13765,14675
348,31437,1,60,1106,10013,10306
349,31437,1,60,1680,17366,15502
350,31437,1,60,1326,11767,12311
351,31437,1,60,1250,10105,11685
352,31437,1,60,1414,13916,13177
353,31437,1,60,1793,17494,16512
354,31437,1,60,1379,14496,12758
355,31437,1,60,1535,14791,14243
356,31437,1,60,1142,11442,10728
357,31437,1,60,1816,16000,16708
358,31437,1,60,1514,14563,14028
359,31437,1,60,1289,10924,11985
360,31437,1,60,1499,13339,13879
361,31437,1,60,1256,12185,11713
362,31437,1,60,1497,12899,13924
363,31437,1,60,1466,15589,13512
364,31437,1,60,1627,12582,15065
365,31437,1,60,1550,13639,14281
366,31437,1,60,1785,14821,16445
367,31437,1,60,1590,14218,14702
368,31437,1,60,1141,10098,10726
369,31437,1,60,1285,12505,12028
370,31437,1,60,1599,13841,14830
371,31437,1,60,1478,14368,13798
372,31437,1,60,1466,13224,13611
373,31437,1,60,1547,15984,14398
374,31437,1,60,2219,19203,20349
375,31437,1,60,1215,10475,11375
376,31437,1,60,1675,14747,15365
377,31437,1,60,1749,17994,16100
378,31437,1,60,1141,10098,10726
379,31437,1,60,1714,16771,15788

