"Num","Bib","Gender","Age","Time5k","OfficialTime","Result"
1,31437,1,20,1448,12962,13263
2,31437,1,20,1820,19274,16593
3,31437,1,20,1547,15292,14124
4,31437,1,20,1279,11566,11771
5,31437,1,20,1543,14873,14043
6,31437,1,20,1879,15895,17087
7,31437,1,20,1281,11618,11701
8,31437,1,20,1282,11585,11731
9,31437,1,20,1937,20213,17650
10,31437,1,20,1622,14401,14848
11,31437,1,20,1781,15965,16259
12,31437,1,20,1202,10662,11015
13,31437,1,20,1472,14902,13392
14,31437,1,20,1536,16194,14048
15,31437,1,20,1475,13937,13509
16,31437,1,20,1736,15308,15861
17,31437,1,20,1417,15415,13010
18,31437,1,20,1641,15795,14975
19,31437,1,20,1429,12263,13002
20,31437,1,20,1348,12227,12280
21,31437,1,20,1399,14183,12789
22,31437,1,20,1372,12919,12585
23,31437,1,20,1083,10650,9958
24,31437,1,20,1159,10305,10596
25,31437,1,20,1174,13801,10683
26,31437,1,20,1348,12006,12330
27,31437,1,20,1583,13818,14473
28,31437,1,20,1719,14212,15646
29,31437,1,20,1700,15938,15529
30,31437,1,20,1283,11221,11705
31,31437,1,20,1677,17013,15329
32,31437,1,20,1557,13276,14190
33,31437,1,20,1637,14423,15040
34,31437,1,20,1388,12559,12617
35,31437,1,20,1300,13399,11835
36,31437,1,20,2318,18570,21072
37,31437,1,20,1581,15613,14342
38,31437,1,20,1115,10524,10223
39,31437,1,20,1341,12499,12236
40,31437,1,20,1167,11198,10696
41,31437,1,20,1440,13315,13174
42,31437,1,20,1525,13344,13975
43,31437,1,20,1205,10887,11033
44,31437,1,20,1198,12447,11033
45,31437,1,20,1849,17041,16835
46,31437,1,20,1779,17061,16189
47,31437,1,20,1149,10077,10477
48,31437,1,20,1233,12328,11307
49,31437,1,20,1615,14122,14710
50,31437,1,20,1550,13846,14093
51,31437,1,20,1182,12379,10784
52,31437,1,20,1820,17699,16583
53,31437,1,20,1484,12937,13589
54,31437,1,20,1420,13092,12915
55,31437,1,20,1546,13834,14169
56,31437,1,20,1714,14185,15633
57,31437,1,20,1409,12427,12888
58,31437,1,20,1609,13990,14584
59,31437,1,20,1506,14037,13783
60,31437,1,20,1304,11625,11879
61,31437,1,20,1283,12479,11677
62,31437,1,20,1173,15409,10776
63,31437,1,20,1579,14760,14365
64,31437,1,20,1325,12125,12076
65,31437,1,20,1605,15221,14680
66,31437,1,20,1996,16461,18178
67,31437,1,20,1881,17094,17179
68,31437,1,20,1395,13067,12730
69,31437,1,20,1416,14351,12921
70,31437,1,20,1321,11292,12130
71,31437,1,20,1984,20227,18106
72,31437,1,20,1465,13049,13337
73,31437,1,20,1528,13711,13911
74,31437,1,20,1207,10878,11110
75,31437,1,20,2272,21154,20676
76,31437,1,20,1621,13916,14760
77,31437,1,20,1491,14224,13729
78,31437,1,20,1714,17726,15546
79,31437,1,20,1227,11306,11199
80,31437,1,20,1517,12852,13881
81,31437,1,20,1474,14194,13529
82,31437,1,20,1334,16077,12226
83,31437,1,20,1327,11297,12170
84,31437,1,20,1611,14947,14683
85,31437,1,20,1464,13677,13376
86,31437,1,20,1651,15618,15022
87,31437,1,20,2186,19564,19894
88,31437,1,20,1396,12933,12724
89,31437,1,20,1485,12855,13582
90,31437,1,20,1564,16846,14257
91,31437,1,20,1698,15513,15469
92,31437,1,20,1952,17579,17814
93,31437,1,20,1280,12082,11659
94,31437,1,20,1571,14634,14292
95,31437,1,20,1330,14469,12157
96,31437,1,20,1578,15228,14462
97,31437,1,20,1226,10677,11254
98,31437,1,20,1579,14994,14428
99,31437,1,20,1514,12854,13668
100,31437,1,20,1516,12991,13891
101,31437,1,20,1524,14101,13983
102,31437,1,20,1314,10833,12026
103,31437,1,20,1466,12394,13375
104,31437,1,20,1757,15317,15993
105,31437,1,20,1418,12651,12965
106,31437,1,20,1345,13559,12332
107,31437,1,20,1344,13278,12272
108,31437,1,20,1280,11566,11776
109,31437,1,20,1875,15956,17092
110,31437,1,20,1442,12888,13103
111,31437,1,20,1424,12884,13053
112,31437,1,20,1655,15551,15066
113,31437,1,20,1755,15197,16001
114,31437,1,20,1529,14586,14068
115,31437,1,20,1286,13219,11732
116,31437,1,20,1627,13945,14763
117,31437,1,20,1701,15575,15523
118,31437,1,20,1556,13872,14186
119,31437,1,20,1515,12386,13819
120,31437,1,20,1367,14351,12495
121,31437,1,20,1999,18228,18159
122,31437,1,20,1463,13444,13374
123,31437,1,20,1506,13659,13732
124,31437,1,20,1343,12165,12259
125,31437,1,20,1456,14169,13239
126,31437,1,20,1264,11484,11506
127,31437,1,20,1217,11426,11080
128,31437,1,20,1549,15556,14165
129,31437,1,20,1640,17009,14937
130,31437,1,20,1534,13600,14048
131,31437,1,20,1816,15399,16604
132,31437,1,20,1919,21213,17564
133,31437,1,20,1724,15879,15660
134,31437,1,20,1669,14968,15285
135,31437,1,20,1339,21514,12282
136,31437,1,20,1188,10661,10917
137,31437,1,20,1701,16266,15475
138,31437,1,20,1424,12485,13027
139,31437,1,20,1762,14947,16048
140,31437,1,20,1675,16241,15334
141,31437,1,20,1850,16865,16837
142,31437,1,20,1629,14696,14808
143,31437,1,20,1048,9539,9603
144,31437,1,20,1307,10932,11903
145,31437,1,20,1262,12148,11571
146,31437,1,20,1863,18794,16971
147,31437,1,20,1846,16692,16750
148,31437,1,20,1680,15856,15307
149,31437,1,20,1539,14072,13962
150,31437,1,20,1397,12856,12788
151,31437,1,20,1265,11227,11542
152,31437,1,20,1456,12854,13326
153,31437,1,20,1388,12547,12656
154,31437,1,20,1839,17574,16694
155,31437,1,20,1388,11974,12825
156,31437,1,20,1282,12337,11753
157,31437,1,20,1426,12546,13070
158,31437,1,20,1397,12250,12782
159,31437,1,20,1894,19148,17294
160,31437,1,20,1688,16427,15375
161,31437,1,20,1703,18389,15489
162,31437,1,20,1428,13707,13122
163,31437,1,20,1640,15667,14982
164,31437,1,20,1954,20894,17735
165,31437,1,20,1431,13289,13068
166,31437,1,20,1988,17728,18165
167,31437,1,20,1881,16209,17145
168,31437,1,20,2062,20467,18757
169,31437,1,20,1549,14385,14164
170,31437,1,20,2029,21233,18425
171,31437,1,20,1639,15670,14953
172,31437,1,20,1468,13202,13340
173,31437,1,20,1302,11476,11946
174,31437,1,20,1764,15176,16137
175,31437,1,20,1951,19808,17788
176,31437,1,20,1412,11708,12904
177,31437,1,20,1435,12822,13171
178,31437,1,20,1120,10521,10247
179,31437,1,20,1541,14645,14052
180,31437,1,20,1436,12841,13199
181,31437,1,20,1500,13122,13753
182,31437,1,20,1544,14127,14149
183,31437,1,20,1399,12638,12804
184,31437,1,20,1567,13909,14278
185,31437,1,20,1321,11633,12065
186,31437,1,20,1249,11242,11457
187,31437,1,20,1649,16488,15058
188,31437,1,20,1532,13877,13999
189,31437,1,20,1376,14363,12542
190,31437,1,20,1212,10409,11108
191,31437,1,20,1426,15074,13100
192,31437,1,20,1272,11844,11633
193,31437,1,20,1220,13761,11236
194,31437,1,20,1423,13597,12908
195,31437,1,20,1151,10348,10502
196,31437,1,20,1590,14162,14551
197,31437,1,20,1870,16555,16945
198,31437,1,20,1292,11788,11828
199,31437,1,20,1949,18524,17699
200,31437,1,20,1390,13537,12735
201,31437,1,20,1546,13539,14134
202,31437,1,20,1541,13066,14113
203,31437,1,20,1297,13398,11815
204,31437,1,20,1541,15131,14056
205,31437,1,20,1318,11655,12095
206,31437,1,20,1856,18154,16884
207,31437,1,20,1460,13109,13382
208,31437,1,20,1325,12377,12061
209,31437,1,20,1413,12909,12904
210,31437,1,20,1866,16123,17019
211,31437,1,20,1460,13195,13342
212,31437,1,20,1555,12928,14206
213,31437,1,20,1345,11382,12322
214,31437,1,20,1717,15699,15680
215,31437,1,20,1509,16084,13860
216,31437,1,20,1155,10522,10630
217,31437,1,20,1326,13160,12201
218,31437,1,20,1398,13207,12820
219,31437,1,20,1534,13613,14050
220,31437,1,20,1467,13126,13324
221,31437,1,20,1366,13819,12566
222,31437,1,20,1536,15645,13978
223,31437,1,20,1490,12396,13676
224,31437,1,20,1243,14632,11388
225,31437,1,20,1479,17430,13565
226,31437,1,20,1332,11612,12172
227,31437,1,20,1267,11717,11667
228,31437,1,20,1244,12030,11413
229,31437,1,20,1953,20553,17727
230,31437,1,20,1257,10817,11542
231,31437,1,20,1298,11362,11874
232,31437,1,20,1475,14051,13578
233,31437,1,20,1540,15126,14041
234,31437,1,20,1314,13856,12085
235,31437,1,20,1585,13748,14515
236,31437,1,20,1444,13871,13230
237,31437,1,20,1272,11433,11568
238,31437,1,20,1550,13459,14188
239,31437,1,20,2035,21359,18459
240,31437,1,20,1675,15420,15339
241,31437,1,20,1491,15534,13634
242,31437,1,20,1575,15484,14395
243,31437,1,20,1728,16623,15792
244,31437,1,20,1939,17877,17591
245,31437,1,20,1355,11460,12382
246,31437,1,20,1378,13709,12578
247,31437,1,20,1426,12553,13044
248,31437,1,20,1615,14349,14640
249,31437,1,20,1340,12090,12251
250,31437,1,20,1536,13164,14027
251,31437,1,20,1444,12990,13207
252,31437,1,20,1426,13859,12983
253,31437,1,20,1614,15557,14719
254,31437,1,20,1270,10872,11617
255,31437,1,20,1066,9832,9805
256,31437,1,20,1974,18786,17839
257,31437,1,20,1562,13500,14252
258,31437,1,20,1344,11674,12379
259,31437,1,20,1460,12979,13324
260,31437,1,20,1579,13834,14381
261,31437,1,20,1409,11904,12867
262,31437,1,20,1429,15430,13079
263,31437,1,20,1436,13715,13132
264,31437,1,20,1882,18047,17186
265,31437,1,20,2067,19825,18766
266,31437,1,20,1398,12095,12816
267,31437,1,20,1317,13310,12116
268,31437,1,20,1606,13898,14694
269,31437,1,20,1096,10247,10005
270,31437,1,20,1793,17510,16436
271,31437,1,20,1313,14774,12009
272,31437,1,20,1385,14215,12685
273,31437,1,20,1550,13724,14144
274,31437,1,20,1296,11479,11903
275,31437,1,20,1367,12497,12514
276,31437,1,20,1855,21090,16910
277,31437,1,20,1365,12742,12374
278,31437,1,20,1562,13112,14313
279,31437,1,20,1628,12857,14850
280,31437,1,20,1502,13812,13741
281,31437,1,20,1270,11050,11632
282,31437,1,20,1463,13373,13361
283,31437,1,20,1309,11555,12089
284,31437,1,20,1683,15356,15407
285,31437,1,20,1352,12079,12309
286,31437,1,20,1337,11306,12184
287,31437,1,20,1413,13680,12906
288,31437,1,20,1480,20227,13594
289,31437,1,20,1537,14459,14077
290,31437,1,20,1920,16452,17381
291,31437,1,20,1201,10563,11046
292,31437,1,20,1447,12119,13302
293,31437,1,20,1626,14611,14803
294,31437,1,20,1380,13012,12560
295,31437,1,20,1215,10352,11108
296,31437,1,20,1462,13199,13319
297,31437,1,20,1181,10265,10902
298,31437,1,20,1622,13232,14911
299,31437,1,20,1278,11930,11713
300,31437,1,20,1691,14335,15421
301,31437,1,20,1163,10183,10652
302,31437,1,20,1223,10182,11117
303,31437,1,20,1592,15416,14464
304,31437,1,20,1327,13170,12010
305,31437,1,20,1214,11399,11108
306,31437,1,20,1696,13520,15515
307,31437,1,20,1237,13021,11224
308,31437,1,20,1139,11398,10433
309,31437,1,20,1523,13142,13903
310,31437,1,20,1418,12523,13046
311,31437,1,20,1273,11117,11578
312,31437,1,20,1607,14315,14731
313,31437,1,20,1338,13063,12242
314,31437,1,20,1566,14359,14289
315,31437,1,20,1264,10726,11597
316,31437,1,20,1467,14278,13363
317,31437,1,20,1619,13306,14788
318,31437,1,20,1892,18377,17138
319,31437,1,20,1568,17354,14403
320,31437,1,20,1238,11414,11401
321,31437,1,20,1603,14712,14622
322,31437,1,20,1535,16174,13923
323,31437,1,20,1503,16526,13695
324,31437,1,20,1295,12538,11865
325,31437,1,20,1555,17253,14201
326,31437,1,20,1331,11981,12190
327,31437,1,20,1487,13235,13575
328,31437,1,20,1488,15008,13631
329,31437,1,20,1652,14109,15105
330,31437,1,20,1953,20939,17795
331,31437,1,20,1596,14993,14519
332,31437,1,20,1559,15217,14153
333,31437,1,20,1627,13945,14763
334,31437,1,20,1377,12441,12533
335,31437,1,20,1584,14054,14434
336,31437,1,20,1428,13411,13049
337,31437,1,20,1643,15969,14945
338,31437,1,20,1494,13753,13604
339,31437,1,20,1595,14841,14567
340,31437,1,20,1095,9903,10169
341,31437,1,20,1476,13934,13523
342,31437,1,20,1540,14511,14077
343,31437,1,20,1829,14973,16726
344,31437,1,20,1294,11530,11960
345,31437,1,20,1798,16567,16306
346,31437,1,20,1099,9553,10105
347,31437,1,20,1582,13765,14441
348,31437,1,20,1106,10013,10150
349,31437,1,20,1680,17366,15380
350,31437,1,20,1326,11767,12132
351,31437,1,20,1250,10105,11399
352,31437,1,20,1414,13916,12897
353,31437,1,20,1793,17494,16370
354,31437,1,20,1379,14496,12674
355,31437,1,20,1535,14791,14109
356,31437,1,20,1142,11442,10490
357,31437,1,20,1816,16000,16555
358,31437,1,20,1514,14563,13821
359,31437,1,20,1289,10924,11792
360,31437,1,20,1499,13339,13677
361,31437,1,20,1256,12185,11470
362,31437,1,20,1497,12899,13699
363,31437,1,20,1466,15589,13516
364,31437,1,20,1627,12582,14859
365,31437,1,20,1550,13639,14177
366,31437,1,20,1785,14821,16291
367,31437,1,20,1590,14218,14555
368,31437,1,20,1141,10098,10473
369,31437,1,20,1285,12505,11864
370,31437,1,20,1599,13841,14652
371,31437,1,20,1478,14368,13546
372,31437,1,20,1466,13224,13407
373,31437,1,20,1547,15984,14090
374,31437,1,20,2219,19203,20185
375,31437,1,20,1215,10475,11116
376,31437,1,20,1675,14747,15300
377,31437,1,20,1749,17994,15962
378,31437,1,20,1141,10098,10473
379,31437,1,20,1714,16771,15620

