"Num","Bib","Gender","Age","Time5k","OfficialTime","Result"
1,3,2,60,1448,12962,13010
2,3,2,60,1820,19274,16380
3,3,2,60,1547,15292,13883
4,3,2,60,1279,11566,11456
5,3,2,60,1543,14873,13887
6,3,2,60,1879,15895,16767
7,3,2,60,1281,11618,11520
8,3,2,60,1282,11585,11557
9,3,2,60,1937,20213,17458
10,3,2,60,1622,14401,14480
11,3,2,60,1781,15965,15898
12,3,2,60,1202,10662,10728
13,3,2,60,1472,14902,13278
14,3,2,60,1536,16194,13801
15,3,2,60,1475,13937,13219
16,3,2,60,1736,15308,15550
17,3,2,60,1417,15415,12717
18,3,2,60,1641,15795,14818
19,3,2,60,1429,12263,12784
20,3,2,60,1348,12227,12172
21,3,2,60,1399,14183,12558
22,3,2,60,1372,12919,12318
23,3,2,60,1083,10650,9797
24,3,2,60,1159,10305,10318
25,3,2,60,1174,13801,10484
26,3,2,60,1348,12006,12077
27,3,2,60,1583,13818,14302
28,3,2,60,1719,14212,15356
29,3,2,60,1700,15938,15225
30,3,2,60,1283,11221,11584
31,3,2,60,1677,17013,15077
32,3,2,60,1557,13276,14085
33,3,2,60,1637,14423,14698
34,3,2,60,1388,12559,12505
35,3,2,60,1300,13399,11627
36,3,2,60,2318,18570,20893
37,3,2,60,1581,15613,14227
38,3,2,60,1115,10524,10054
39,3,2,60,1341,12499,12058
40,3,2,60,1167,11198,10504
41,3,2,60,1440,13315,12916
42,3,2,60,1525,13344,13612
43,3,2,60,1205,10887,10775
44,3,2,60,1198,12447,10680
45,3,2,60,1849,17041,16605
46,3,2,60,1779,17061,15982
47,3,2,60,1149,10077,10199
48,3,2,60,1233,12328,10964
49,3,2,60,1615,14122,14494
50,3,2,60,1550,13846,13866
51,3,2,60,1182,12379,10577
52,3,2,60,1820,17699,16330
53,3,2,60,1484,12937,13373
54,3,2,60,1420,13092,12758
55,3,2,60,1546,13834,13825
56,3,2,60,1714,14185,15383
57,3,2,60,1409,12427,12635
58,3,2,60,1609,13990,14506
59,3,2,60,1506,14037,13529
60,3,2,60,1304,11625,11621
61,3,2,60,1283,12479,11473
62,3,2,60,1173,15409,10476
63,3,2,60,1579,14760,14148
64,3,2,60,1325,12125,11865
65,3,2,60,1605,15221,14411
66,3,2,60,1996,16461,17916
67,3,2,60,1881,17094,16815
68,3,2,60,1395,13067,12463
69,3,2,60,1416,14351,12663
70,3,2,60,1321,11292,11978
71,3,2,60,1984,20227,17818
72,3,2,60,1465,13049,13129
73,3,2,60,1528,13711,13703
74,3,2,60,1207,10878,10804
75,3,2,60,2272,21154,20347
76,3,2,60,1621,13916,14496
77,3,2,60,1491,14224,13349
78,3,2,60,1714,17726,15376
79,3,2,60,1227,11306,10940
80,3,2,60,1517,12852,13677
81,3,2,60,1474,14194,13171
82,3,2,60,1334,16077,11956
83,3,2,60,1327,11297,11943
84,3,2,60,1611,14947,14402
85,3,2,60,1464,13677,13128
86,3,2,60,1651,15618,14795
87,3,2,60,2186,19564,19518
88,3,2,60,1396,12933,12669
89,3,2,60,1485,12855,13316
90,3,2,60,1564,16846,14038
91,3,2,60,1698,15513,15232
92,3,2,60,1952,17579,17576
93,3,2,60,1280,12082,11420
94,3,2,60,1571,14634,14162
95,3,2,60,1330,14469,11909
96,3,2,60,1578,15228,14109
97,3,2,60,1226,10677,11029
98,3,2,60,1579,14994,14173
99,3,2,60,1514,12854,13634
100,3,2,60,1516,12991,13517
101,3,2,60,1524,14101,13681
102,3,2,60,1314,10833,11853
103,3,2,60,1466,12394,13136
104,3,2,60,1757,15317,15718
105,3,2,60,1418,12651,12783
106,3,2,60,1345,13559,12050
107,3,2,60,1344,13278,12033
108,3,2,60,1280,11566,11395
109,3,2,60,1875,15956,16748
110,3,2,60,1442,12888,12904
111,3,2,60,1424,12884,12716
112,3,2,60,1655,15551,14850
113,3,2,60,1755,15197,15750
114,3,2,60,1529,14586,13744
115,3,2,60,1286,13219,11501
116,3,2,60,1627,13945,14503
117,3,2,60,1701,15575,15290
118,3,2,60,1556,13872,13960
119,3,2,60,1515,12386,13536
120,3,2,60,1367,14351,12313
121,3,2,60,1999,18228,17927
122,3,2,60,1463,13444,13165
123,3,2,60,1506,13659,13516
124,3,2,60,1343,12165,11957
125,3,2,60,1456,14169,13022
126,3,2,60,1264,11484,11365
127,3,2,60,1217,11426,10891
128,3,2,60,1549,15556,13849
129,3,2,60,1640,17009,14833
130,3,2,60,1534,13600,13704
131,3,2,60,1816,15399,16213
132,3,2,60,1919,21213,17278
133,3,2,60,1724,15879,15474
134,3,2,60,1669,14968,15011
135,3,2,60,1339,21514,11932
136,3,2,60,1188,10661,10696
137,3,2,60,1701,16266,15267
138,3,2,60,1424,12485,12792
139,3,2,60,1762,14947,15830
140,3,2,60,1675,16241,15051
141,3,2,60,1850,16865,16695
142,3,2,60,1629,14696,14647
143,3,2,60,1048,9539,9360
144,3,2,60,1307,10932,11723
145,3,2,60,1262,12148,11259
146,3,2,60,1863,18794,16664
147,3,2,60,1846,16692,16580
148,3,2,60,1680,15856,15103
149,3,2,60,1539,14072,13790
150,3,2,60,1397,12856,12409
151,3,2,60,1265,11227,11227
152,3,2,60,1456,12854,13093
153,3,2,60,1388,12547,12443
154,3,2,60,1839,17574,16576
155,3,2,60,1388,11974,12349
156,3,2,60,1282,12337,11587
157,3,2,60,1426,12546,12776
158,3,2,60,1397,12250,12494
159,3,2,60,1894,19148,17061
160,3,2,60,1688,16427,15202
161,3,2,60,1703,18389,15230
162,3,2,60,1428,13707,12729
163,3,2,60,1640,15667,14660
164,3,2,60,1954,20894,17640
165,3,2,60,1431,13289,12844
166,3,2,60,1988,17728,17817
167,3,2,60,1881,16209,16899
168,3,2,60,2062,20467,18564
169,3,2,60,1549,14385,13826
170,3,2,60,2029,21233,18362
171,3,2,60,1639,15670,14679
172,3,2,60,1468,13202,13177
173,3,2,60,1302,11476,11597
174,3,2,60,1764,15176,15767
175,3,2,60,1951,19808,17518
176,3,2,60,1412,11708,12647
177,3,2,60,1435,12822,12880
178,3,2,60,1120,10521,10127
179,3,2,60,1541,14645,13813
180,3,2,60,1436,12841,12906
181,3,2,60,1500,13122,13514
182,3,2,60,1544,14127,13825
183,3,2,60,1399,12638,12572
184,3,2,60,1567,13909,14066
185,3,2,60,1321,11633,11840
186,3,2,60,1249,11242,11221
187,3,2,60,1649,16488,14805
188,3,2,60,1532,13877,13635
189,3,2,60,1376,14363,12322
190,3,2,60,1212,10409,10871
191,3,2,60,1426,15074,12850
192,3,2,60,1272,11844,11356
193,3,2,60,1220,13761,10864
194,3,2,60,1423,13597,12785
195,3,2,60,1151,10348,10320
196,3,2,60,1590,14162,14284
197,3,2,60,1870,16555,16855
198,3,2,60,1292,11788,11709
199,3,2,60,1949,18524,17572
200,3,2,60,1390,13537,12557
201,3,2,60,1546,13539,13940
202,3,2,60,1541,13066,13747
203,3,2,60,1297,13398,11524
204,3,2,60,1541,15131,13902
205,3,2,60,1318,11655,11850
206,3,2,60,1856,18154,16761
207,3,2,60,1460,13109,13082
208,3,2,60,1325,12377,11816
209,3,2,60,1413,12909,12742
210,3,2,60,1866,16123,16801
211,3,2,60,1460,13195,13056
212,3,2,60,1555,12928,14099
213,3,2,60,1345,11382,12077
214,3,2,60,1717,15699,15441
215,3,2,60,1509,16084,13601
216,3,2,60,1155,10522,10368
217,3,2,60,1326,13160,11974
218,3,2,60,1398,13207,12597
219,3,2,60,1534,13613,13741
220,3,2,60,1467,13126,13108
221,3,2,60,1366,13819,12316
222,3,2,60,1536,15645,13812
223,3,2,60,1490,12396,13402
224,3,2,60,1243,14632,11169
225,3,2,60,1479,17430,13229
226,3,2,60,1332,11612,11981
227,3,2,60,1267,11717,11470
228,3,2,60,1244,12030,11050
229,3,2,60,1953,20553,17659
230,3,2,60,1257,10817,11303
231,3,2,60,1298,11362,11652
232,3,2,60,1475,14051,13282
233,3,2,60,1540,15126,13807
234,3,2,60,1314,13856,11787
235,3,2,60,1585,13748,14233
236,3,2,60,1444,13871,12892
237,3,2,60,1272,11433,11402
238,3,2,60,1550,13459,13872
239,3,2,60,2035,21359,18275
240,3,2,60,1675,15420,15018
241,3,2,60,1491,15534,13355
242,3,2,60,1575,15484,14094
243,3,2,60,1728,16623,15490
244,3,2,60,1939,17877,17386
245,3,2,60,1355,11460,12141
246,3,2,60,1378,13709,12380
247,3,2,60,1426,12553,12808
248,3,2,60,1615,14349,14472
249,3,2,60,1340,12090,12025
250,3,2,60,1536,13164,13796
251,3,2,60,1444,12990,12953
252,3,2,60,1426,13859,12784
253,3,2,60,1614,15557,14533
254,3,2,60,1270,10872,11428
255,3,2,60,1066,9832,9509
256,3,2,60,1974,18786,17749
257,3,2,60,1562,13500,14033
258,3,2,60,1344,11674,12091
259,3,2,60,1460,12979,13136
260,3,2,60,1579,13834,14242
261,3,2,60,1409,11904,12620
262,3,2,60,1429,15430,12855
263,3,2,60,1436,13715,12899
264,3,2,60,1882,18047,16887
265,3,2,60,2067,19825,18567
266,3,2,60,1398,12095,12469
267,3,2,60,1317,13310,11812
268,3,2,60,1606,13898,14419
269,3,2,60,1096,10247,9825
270,3,2,60,1793,17510,16070
271,3,2,60,1313,14774,11713
272,3,2,60,1385,14215,12346
273,3,2,60,1550,13724,13921
274,3,2,60,1296,11479,11555
275,3,2,60,1367,12497,12136
276,3,2,60,1855,21090,16699
277,3,2,60,1365,12742,12233
278,3,2,60,1562,13112,14029
279,3,2,60,1628,12857,14684
280,3,2,60,1502,13812,13466
281,3,2,60,1270,11050,11462
282,3,2,60,1463,13373,13015
283,3,2,60,1309,11555,11686
284,3,2,60,1683,15356,15177
285,3,2,60,1352,12079,12048
286,3,2,60,1337,11306,11966
287,3,2,60,1413,13680,12644
288,3,2,60,1480,20227,13305
289,3,2,60,1537,14459,13833
290,3,2,60,1920,16452,17244
291,3,2,60,1201,10563,10822
292,3,2,60,1447,12119,13020
293,3,2,60,1626,14611,14527
294,3,2,60,1380,13012,12371
295,3,2,60,1215,10352,10963
296,3,2,60,1462,13199,13132
297,3,2,60,1181,10265,10600
298,3,2,60,1622,13232,14605
299,3,2,60,1278,11930,11404
300,3,2,60,1691,14335,15139
301,3,2,60,1163,10183,10428
302,3,2,60,1223,10182,10926
303,3,2,60,1592,15416,14292
304,3,2,60,1327,13170,12031
305,3,2,60,1214,11399,10857
306,3,2,60,1696,13520,15272
307,3,2,60,1237,13021,11037
308,3,2,60,1139,11398,10158
309,3,2,60,1523,13142,13605
310,3,2,60,1418,12523,12710
311,3,2,60,1273,11117,11431
312,3,2,60,1607,14315,14437
313,3,2,60,1338,13063,12004
314,3,2,60,1566,14359,14063
315,3,2,60,1264,10726,11308
316,3,2,60,1467,14278,13235
317,3,2,60,1619,13306,14553
318,3,2,60,1892,18377,16974
319,3,2,60,1568,17354,14122
320,3,2,60,1238,11414,11192
321,3,2,60,1603,14712,14431
322,3,2,60,1535,16174,13817
323,3,2,60,1503,16526,13573
324,3,2,60,1295,12538,11606
325,3,2,60,1555,17253,13971
326,3,2,60,1331,11981,11919
327,3,2,60,1487,13235,13270
328,3,2,60,1488,15008,13410
329,3,2,60,1652,14109,14746
330,3,2,60,1953,20939,17521
331,3,2,60,1596,14993,14365
332,3,2,60,1559,15217,13953
333,3,2,60,1627,13945,14503
334,3,2,60,1377,12441,12334
335,3,2,60,1584,14054,14175
336,3,2,60,1428,13411,12842
337,3,2,60,1643,15969,14694
338,3,2,60,1494,13753,13360
339,3,2,60,1595,14841,14335
340,3,2,60,1095,9903,9800
341,3,2,60,1476,13934,13295
342,3,2,60,1540,14511,13793
343,3,2,60,1829,14973,16410
344,3,2,60,1294,11530,11639
345,3,2,60,1798,16567,16128
346,3,2,60,1099,9553,9927
347,3,2,60,1582,13765,14195
348,3,2,60,1106,10013,9779
349,3,2,60,1680,17366,15107
350,3,2,60,1326,11767,11918
351,3,2,60,1250,10105,11250
352,3,2,60,1414,13916,12661
353,3,2,60,1793,17494,16189
354,3,2,60,1379,14496,12309
355,3,2,60,1535,14791,13738
356,3,2,60,1142,11442,10227
357,3,2,60,1816,16000,16246
358,3,2,60,1514,14563,13567
359,3,2,60,1289,10924,11506
360,3,2,60,1499,13339,13444
361,3,2,60,1256,12185,11247
362,3,2,60,1497,12899,13539
363,3,2,60,1466,15589,13170
364,3,2,60,1627,12582,14664
365,3,2,60,1550,13639,13910
366,3,2,60,1785,14821,16047
367,3,2,60,1590,14218,14296
368,3,2,60,1141,10098,10244
369,3,2,60,1285,12505,11422
370,3,2,60,1599,13841,14448
371,3,2,60,1478,14368,13190
372,3,2,60,1466,13224,13188
373,3,2,60,1547,15984,13701
374,3,2,60,2219,19203,19815
375,3,2,60,1215,10475,10946
376,3,2,60,1675,14747,15020
377,3,2,60,1749,17994,15681
378,3,2,60,1141,10098,10244
379,3,2,60,1714,16771,15410

