"Num","Bib","Gender","Age","Time5k","OfficialTime","Result"
1,3,2,20,1448,12962,12882
2,3,2,20,1820,19274,16129
3,3,2,20,1547,15292,13698
4,3,2,20,1279,11566,11294
5,3,2,20,1543,14873,13608
6,3,2,20,1879,15895,16636
7,3,2,20,1281,11618,11205
8,3,2,20,1282,11585,11315
9,3,2,20,1937,20213,17206
10,3,2,20,1622,14401,14321
11,3,2,20,1781,15965,15729
12,3,2,20,1202,10662,10609
13,3,2,20,1472,14902,12869
14,3,2,20,1536,16194,13546
15,3,2,20,1475,13937,12988
16,3,2,20,1736,15308,15364
17,3,2,20,1417,15415,12561
18,3,2,20,1641,15795,14460
19,3,2,20,1429,12263,12528
20,3,2,20,1348,12227,11884
21,3,2,20,1399,14183,12258
22,3,2,20,1372,12919,12081
23,3,2,20,1083,10650,9413
24,3,2,20,1159,10305,10141
25,3,2,20,1174,13801,10304
26,3,2,20,1348,12006,11794
27,3,2,20,1583,13818,13981
28,3,2,20,1719,14212,15202
29,3,2,20,1700,15938,15037
30,3,2,20,1283,11221,11343
31,3,2,20,1677,17013,14910
32,3,2,20,1557,13276,13767
33,3,2,20,1637,14423,14536
34,3,2,20,1388,12559,12194
35,3,2,20,1300,13399,11407
36,3,2,20,2318,18570,20578
37,3,2,20,1581,15613,13992
38,3,2,20,1115,10524,9788
39,3,2,20,1341,12499,11797
40,3,2,20,1167,11198,10294
41,3,2,20,1440,13315,12816
42,3,2,20,1525,13344,13499
43,3,2,20,1205,10887,10550
44,3,2,20,1198,12447,10473
45,3,2,20,1849,17041,16420
46,3,2,20,1779,17061,15778
47,3,2,20,1149,10077,10054
48,3,2,20,1233,12328,10857
49,3,2,20,1615,14122,14302
50,3,2,20,1550,13846,13598
51,3,2,20,1182,12379,10407
52,3,2,20,1820,17699,16238
53,3,2,20,1484,12937,13063
54,3,2,20,1420,13092,12498
55,3,2,20,1546,13834,13706
56,3,2,20,1714,14185,15224
57,3,2,20,1409,12427,12398
58,3,2,20,1609,13990,14263
59,3,2,20,1506,14037,13259
60,3,2,20,1304,11625,11481
61,3,2,20,1283,12479,11308
62,3,2,20,1173,15409,10333
63,3,2,20,1579,14760,13937
64,3,2,20,1325,12125,11620
65,3,2,20,1605,15221,14176
66,3,2,20,1996,16461,17750
67,3,2,20,1881,17094,16691
68,3,2,20,1395,13067,12313
69,3,2,20,1416,14351,12485
70,3,2,20,1321,11292,11602
71,3,2,20,1984,20227,17637
72,3,2,20,1465,13049,12999
73,3,2,20,1528,13711,13524
74,3,2,20,1207,10878,10630
75,3,2,20,2272,21154,20160
76,3,2,20,1621,13916,14300
77,3,2,20,1491,14224,13205
78,3,2,20,1714,17726,15187
79,3,2,20,1227,11306,10734
80,3,2,20,1517,12852,13445
81,3,2,20,1474,14194,13096
82,3,2,20,1334,16077,11738
83,3,2,20,1327,11297,11631
84,3,2,20,1611,14947,14319
85,3,2,20,1464,13677,12907
86,3,2,20,1651,15618,14624
87,3,2,20,2186,19564,19512
88,3,2,20,1396,12933,12305
89,3,2,20,1485,12855,13062
90,3,2,20,1564,16846,13823
91,3,2,20,1698,15513,14953
92,3,2,20,1952,17579,17308
93,3,2,20,1280,12082,11326
94,3,2,20,1571,14634,13910
95,3,2,20,1330,14469,11637
96,3,2,20,1578,15228,13908
97,3,2,20,1226,10677,10724
98,3,2,20,1579,14994,13943
99,3,2,20,1514,12854,13444
100,3,2,20,1516,12991,13435
101,3,2,20,1524,14101,13421
102,3,2,20,1314,10833,11659
103,3,2,20,1466,12394,12939
104,3,2,20,1757,15317,15569
105,3,2,20,1418,12651,12471
106,3,2,20,1345,13559,11888
107,3,2,20,1344,13278,11829
108,3,2,20,1280,11566,11202
109,3,2,20,1875,15956,16708
110,3,2,20,1442,12888,12805
111,3,2,20,1424,12884,12624
112,3,2,20,1655,15551,14674
113,3,2,20,1755,15197,15470
114,3,2,20,1529,14586,13553
115,3,2,20,1286,13219,11278
116,3,2,20,1627,13945,14370
117,3,2,20,1701,15575,14997
118,3,2,20,1556,13872,13692
119,3,2,20,1515,12386,13334
120,3,2,20,1367,14351,12115
121,3,2,20,1999,18228,17687
122,3,2,20,1463,13444,12859
123,3,2,20,1506,13659,13261
124,3,2,20,1343,12165,11749
125,3,2,20,1456,14169,12910
126,3,2,20,1264,11484,11095
127,3,2,20,1217,11426,10739
128,3,2,20,1549,15556,13675
129,3,2,20,1640,17009,14549
130,3,2,20,1534,13600,13516
131,3,2,20,1816,15399,16119
132,3,2,20,1919,21213,16995
133,3,2,20,1724,15879,15309
134,3,2,20,1669,14968,14847
135,3,2,20,1339,21514,11808
136,3,2,20,1188,10661,10455
137,3,2,20,1701,16266,15165
138,3,2,20,1424,12485,12474
139,3,2,20,1762,14947,15586
140,3,2,20,1675,16241,14790
141,3,2,20,1850,16865,16398
142,3,2,20,1629,14696,14392
143,3,2,20,1048,9539,9175
144,3,2,20,1307,10932,11642
145,3,2,20,1262,12148,11071
146,3,2,20,1863,18794,16595
147,3,2,20,1846,16692,16395
148,3,2,20,1680,15856,14897
149,3,2,20,1539,14072,13593
150,3,2,20,1397,12856,12334
151,3,2,20,1265,11227,11076
152,3,2,20,1456,12854,12908
153,3,2,20,1388,12547,12196
154,3,2,20,1839,17574,16299
155,3,2,20,1388,11974,12201
156,3,2,20,1282,12337,11231
157,3,2,20,1426,12546,12552
158,3,2,20,1397,12250,12286
159,3,2,20,1894,19148,16729
160,3,2,20,1688,16427,14942
161,3,2,20,1703,18389,15035
162,3,2,20,1428,13707,12575
163,3,2,20,1640,15667,14537
164,3,2,20,1954,20894,17317
165,3,2,20,1431,13289,12547
166,3,2,20,1988,17728,17632
167,3,2,20,1881,16209,16710
168,3,2,20,2062,20467,18330
169,3,2,20,1549,14385,13720
170,3,2,20,2029,21233,18001
171,3,2,20,1639,15670,14487
172,3,2,20,1468,13202,12945
173,3,2,20,1302,11476,11376
174,3,2,20,1764,15176,15652
175,3,2,20,1951,19808,17366
176,3,2,20,1412,11708,12301
177,3,2,20,1435,12822,12687
178,3,2,20,1120,10521,9827
179,3,2,20,1541,14645,13551
180,3,2,20,1436,12841,12673
181,3,2,20,1500,13122,13237
182,3,2,20,1544,14127,13534
183,3,2,20,1399,12638,12208
184,3,2,20,1567,13909,13848
185,3,2,20,1321,11633,11648
186,3,2,20,1249,11242,10993
187,3,2,20,1649,16488,14655
188,3,2,20,1532,13877,13545
189,3,2,20,1376,14363,12091
190,3,2,20,1212,10409,10679
191,3,2,20,1426,15074,12556
192,3,2,20,1272,11844,11111
193,3,2,20,1220,13761,10757
194,3,2,20,1423,13597,12535
195,3,2,20,1151,10348,10101
196,3,2,20,1590,14162,14043
197,3,2,20,1870,16555,16520
198,3,2,20,1292,11788,11367
199,3,2,20,1949,18524,17367
200,3,2,20,1390,13537,12270
201,3,2,20,1546,13539,13645
202,3,2,20,1541,13066,13610
203,3,2,20,1297,13398,11439
204,3,2,20,1541,15131,13597
205,3,2,20,1318,11655,11633
206,3,2,20,1856,18154,16412
207,3,2,20,1460,13109,12928
208,3,2,20,1325,12377,11605
209,3,2,20,1413,12909,12428
210,3,2,20,1866,16123,16648
211,3,2,20,1460,13195,12869
212,3,2,20,1555,12928,13729
213,3,2,20,1345,11382,11903
214,3,2,20,1717,15699,15196
215,3,2,20,1509,16084,13288
216,3,2,20,1155,10522,10139
217,3,2,20,1326,13160,11621
218,3,2,20,1398,13207,12300
219,3,2,20,1534,13613,13513
220,3,2,20,1467,13126,13004
221,3,2,20,1366,13819,12011
222,3,2,20,1536,15645,13612
223,3,2,20,1490,12396,13162
224,3,2,20,1243,14632,10835
225,3,2,20,1479,17430,13059
226,3,2,20,1332,11612,11725
227,3,2,20,1267,11717,11251
228,3,2,20,1244,12030,10944
229,3,2,20,1953,20553,17327
230,3,2,20,1257,10817,11057
231,3,2,20,1298,11362,11437
232,3,2,20,1475,14051,13054
233,3,2,20,1540,15126,13536
234,3,2,20,1314,13856,11513
235,3,2,20,1585,13748,13984
236,3,2,20,1444,13871,12760
237,3,2,20,1272,11433,11213
238,3,2,20,1550,13459,13646
239,3,2,20,2035,21359,18109
240,3,2,20,1675,15420,14697
241,3,2,20,1491,15534,13152
242,3,2,20,1575,15484,14040
243,3,2,20,1728,16623,15282
244,3,2,20,1939,17877,17230
245,3,2,20,1355,11460,11927
246,3,2,20,1378,13709,12211
247,3,2,20,1426,12553,12669
248,3,2,20,1615,14349,14320
249,3,2,20,1340,12090,11789
250,3,2,20,1536,13164,13544
251,3,2,20,1444,12990,12718
252,3,2,20,1426,13859,12604
253,3,2,20,1614,15557,14265
254,3,2,20,1270,10872,11095
255,3,2,20,1066,9832,9263
256,3,2,20,1974,18786,17522
257,3,2,20,1562,13500,13844
258,3,2,20,1344,11674,11830
259,3,2,20,1460,12979,12854
260,3,2,20,1579,13834,14031
261,3,2,20,1409,11904,12416
262,3,2,20,1429,15430,12566
263,3,2,20,1436,13715,12694
264,3,2,20,1882,18047,16634
265,3,2,20,2067,19825,18344
266,3,2,20,1398,12095,12227
267,3,2,20,1317,13310,11616
268,3,2,20,1606,13898,14179
269,3,2,20,1096,10247,9660
270,3,2,20,1793,17510,15944
271,3,2,20,1313,14774,11571
272,3,2,20,1385,14215,12212
273,3,2,20,1550,13724,13652
274,3,2,20,1296,11479,11341
275,3,2,20,1367,12497,12045
276,3,2,20,1855,21090,16441
277,3,2,20,1365,12742,12070
278,3,2,20,1562,13112,13794
279,3,2,20,1628,12857,14392
280,3,2,20,1502,13812,13340
281,3,2,20,1270,11050,11163
282,3,2,20,1463,13373,12877
283,3,2,20,1309,11555,11544
284,3,2,20,1683,15356,14867
285,3,2,20,1352,12079,11916
286,3,2,20,1337,11306,11750
287,3,2,20,1413,13680,12496
288,3,2,20,1480,20227,13084
289,3,2,20,1537,14459,13586
290,3,2,20,1920,16452,17046
291,3,2,20,1201,10563,10507
292,3,2,20,1447,12119,12805
293,3,2,20,1626,14611,14421
294,3,2,20,1380,13012,12177
295,3,2,20,1215,10352,10728
296,3,2,20,1462,13199,12881
297,3,2,20,1181,10265,10398
298,3,2,20,1622,13232,14372
299,3,2,20,1278,11930,11260
300,3,2,20,1691,14335,15018
301,3,2,20,1163,10183,10221
302,3,2,20,1223,10182,10725
303,3,2,20,1592,15416,14149
304,3,2,20,1327,13170,11654
305,3,2,20,1214,11399,10589
306,3,2,20,1696,13520,14974
307,3,2,20,1237,13021,10813
308,3,2,20,1139,11398,9984
309,3,2,20,1523,13142,13494
310,3,2,20,1418,12523,12457
311,3,2,20,1273,11117,11217
312,3,2,20,1607,14315,14200
313,3,2,20,1338,13063,11803
314,3,2,20,1566,14359,13790
315,3,2,20,1264,10726,11054
316,3,2,20,1467,14278,12955
317,3,2,20,1619,13306,14318
318,3,2,20,1892,18377,16686
319,3,2,20,1568,17354,13913
320,3,2,20,1238,11414,10934
321,3,2,20,1603,14712,14276
322,3,2,20,1535,16174,13597
323,3,2,20,1503,16526,13260
324,3,2,20,1295,12538,11325
325,3,2,20,1555,17253,13771
326,3,2,20,1331,11981,11717
327,3,2,20,1487,13235,13074
328,3,2,20,1488,15008,13110
329,3,2,20,1652,14109,14632
330,3,2,20,1953,20939,17283
331,3,2,20,1596,14993,14091
332,3,2,20,1559,15217,13857
333,3,2,20,1627,13945,14370
334,3,2,20,1377,12441,12163
335,3,2,20,1584,14054,14026
336,3,2,20,1428,13411,12641
337,3,2,20,1643,15969,14577
338,3,2,20,1494,13753,13110
339,3,2,20,1595,14841,14116
340,3,2,20,1095,9903,9546
341,3,2,20,1476,13934,13007
342,3,2,20,1540,14511,13522
343,3,2,20,1829,14973,16158
344,3,2,20,1294,11530,11320
345,3,2,20,1798,16567,15915
346,3,2,20,1099,9553,9637
347,3,2,20,1582,13765,13907
348,3,2,20,1106,10013,9751
349,3,2,20,1680,17366,14833
350,3,2,20,1326,11767,11678
351,3,2,20,1250,10105,10971
352,3,2,20,1414,13916,12450
353,3,2,20,1793,17494,15887
354,3,2,20,1379,14496,12197
355,3,2,20,1535,14791,13586
356,3,2,20,1142,11442,9975
357,3,2,20,1816,16000,16100
358,3,2,20,1514,14563,13411
359,3,2,20,1289,10924,11259
360,3,2,20,1499,13339,13216
361,3,2,20,1256,12185,11046
362,3,2,20,1497,12899,13216
363,3,2,20,1466,15589,12980
364,3,2,20,1627,12582,14398
365,3,2,20,1550,13639,13700
366,3,2,20,1785,14821,15788
367,3,2,20,1590,14218,14042
368,3,2,20,1141,10098,10044
369,3,2,20,1285,12505,11300
370,3,2,20,1599,13841,14135
371,3,2,20,1478,14368,13061
372,3,2,20,1466,13224,12896
373,3,2,20,1547,15984,13601
374,3,2,20,2219,19203,19698
375,3,2,20,1215,10475,10671
376,3,2,20,1675,14747,14769
377,3,2,20,1749,17994,15506
378,3,2,20,1141,10098,10044
379,3,2,20,1714,16771,15023

