"Num","Bib","Gender","Age","Time5k","OfficialTime","Result"
1,3,1,60,1448,12962,13129
2,3,1,60,1820,19274,16503
3,3,1,60,1547,15292,13997
4,3,1,60,1279,11566,11590
5,3,1,60,1543,14873,14050
6,3,1,60,1879,15895,17056
7,3,1,60,1281,11618,11673
8,3,1,60,1282,11585,11640
9,3,1,60,1937,20213,17596
10,3,1,60,1622,14401,14734
11,3,1,60,1781,15965,16248
12,3,1,60,1202,10662,10985
13,3,1,60,1472,14902,13448
14,3,1,60,1536,16194,13912
15,3,1,60,1475,13937,13402
16,3,1,60,1736,15308,15846
17,3,1,60,1417,15415,12817
18,3,1,60,1641,15795,14898
19,3,1,60,1429,12263,12919
20,3,1,60,1348,12227,12290
21,3,1,60,1399,14183,12767
22,3,1,60,1372,12919,12533
23,3,1,60,1083,10650,9891
24,3,1,60,1159,10305,10625
25,3,1,60,1174,13801,10790
26,3,1,60,1348,12006,12333
27,3,1,60,1583,13818,14411
28,3,1,60,1719,14212,15681
29,3,1,60,1700,15938,15456
30,3,1,60,1283,11221,11649
31,3,1,60,1677,17013,15275
32,3,1,60,1557,13276,14188
33,3,1,60,1637,14423,14877
34,3,1,60,1388,12559,12561
35,3,1,60,1300,13399,11828
36,3,1,60,2318,18570,21002
37,3,1,60,1581,15613,14346
38,3,1,60,1115,10524,10220
39,3,1,60,1341,12499,12292
40,3,1,60,1167,11198,10699
41,3,1,60,1440,13315,13144
42,3,1,60,1525,13344,13824
43,3,1,60,1205,10887,11016
44,3,1,60,1198,12447,10839
45,3,1,60,1849,17041,16715
46,3,1,60,1779,17061,16175
47,3,1,60,1149,10077,10598
48,3,1,60,1233,12328,11292
49,3,1,60,1615,14122,14595
50,3,1,60,1550,13846,14139
51,3,1,60,1182,12379,10737
52,3,1,60,1820,17699,16538
53,3,1,60,1484,12937,13519
54,3,1,60,1420,13092,12950
55,3,1,60,1546,13834,14184
56,3,1,60,1714,14185,15641
57,3,1,60,1409,12427,12845
58,3,1,60,1609,13990,14583
59,3,1,60,1506,14037,13629
60,3,1,60,1304,11625,11801
61,3,1,60,1283,12479,11638
62,3,1,60,1173,15409,10754
63,3,1,60,1579,14760,14341
64,3,1,60,1325,12125,12033
65,3,1,60,1605,15221,14610
66,3,1,60,1996,16461,18093
67,3,1,60,1881,17094,17047
68,3,1,60,1395,13067,12753
69,3,1,60,1416,14351,12814
70,3,1,60,1321,11292,12096
71,3,1,60,1984,20227,18075
72,3,1,60,1465,13049,13394
73,3,1,60,1528,13711,13821
74,3,1,60,1207,10878,10981
75,3,1,60,2272,21154,20622
76,3,1,60,1621,13916,14735
77,3,1,60,1491,14224,13497
78,3,1,60,1714,17726,15611
79,3,1,60,1227,11306,11261
80,3,1,60,1517,12852,13743
81,3,1,60,1474,14194,13324
82,3,1,60,1334,16077,12016
83,3,1,60,1327,11297,12006
84,3,1,60,1611,14947,14657
85,3,1,60,1464,13677,13400
86,3,1,60,1651,15618,15024
87,3,1,60,2186,19564,19797
88,3,1,60,1396,12933,12665
89,3,1,60,1485,12855,13588
90,3,1,60,1564,16846,14342
91,3,1,60,1698,15513,15304
92,3,1,60,1952,17579,17756
93,3,1,60,1280,12082,11760
94,3,1,60,1571,14634,14246
95,3,1,60,1330,14469,12078
96,3,1,60,1578,15228,14258
97,3,1,60,1226,10677,11181
98,3,1,60,1579,14994,14352
99,3,1,60,1514,12854,13843
100,3,1,60,1516,12991,13730
101,3,1,60,1524,14101,13862
102,3,1,60,1314,10833,11925
103,3,1,60,1466,12394,13357
104,3,1,60,1757,15317,15921
105,3,1,60,1418,12651,12845
106,3,1,60,1345,13559,12292
107,3,1,60,1344,13278,12230
108,3,1,60,1280,11566,11745
109,3,1,60,1875,15956,16963
110,3,1,60,1442,12888,13188
111,3,1,60,1424,12884,12862
112,3,1,60,1655,15551,15051
113,3,1,60,1755,15197,15969
114,3,1,60,1529,14586,13928
115,3,1,60,1286,13219,11656
116,3,1,60,1627,13945,14874
117,3,1,60,1701,15575,15360
118,3,1,60,1556,13872,14148
119,3,1,60,1515,12386,13773
120,3,1,60,1367,14351,12503
121,3,1,60,1999,18228,18106
122,3,1,60,1463,13444,13324
123,3,1,60,1506,13659,13639
124,3,1,60,1343,12165,12274
125,3,1,60,1456,14169,13295
126,3,1,60,1264,11484,11514
127,3,1,60,1217,11426,11132
128,3,1,60,1549,15556,14099
129,3,1,60,1640,17009,14828
130,3,1,60,1534,13600,14039
131,3,1,60,1816,15399,16607
132,3,1,60,1919,21213,17325
133,3,1,60,1724,15879,15636
134,3,1,60,1669,14968,15157
135,3,1,60,1339,21514,12217
136,3,1,60,1188,10661,10859
137,3,1,60,1701,16266,15528
138,3,1,60,1424,12485,12993
139,3,1,60,1762,14947,15920
140,3,1,60,1675,16241,15268
141,3,1,60,1850,16865,16865
142,3,1,60,1629,14696,14780
143,3,1,60,1048,9539,9596
144,3,1,60,1307,10932,11999
145,3,1,60,1262,12148,11481
146,3,1,60,1863,18794,16963
147,3,1,60,1846,16692,16735
148,3,1,60,1680,15856,15229
149,3,1,60,1539,14072,13992
150,3,1,60,1397,12856,12741
151,3,1,60,1265,11227,11603
152,3,1,60,1456,12854,13288
153,3,1,60,1388,12547,12692
154,3,1,60,1839,17574,16759
155,3,1,60,1388,11974,12646
156,3,1,60,1282,12337,11593
157,3,1,60,1426,12546,13055
158,3,1,60,1397,12250,12683
159,3,1,60,1894,19148,17193
160,3,1,60,1688,16427,15347
161,3,1,60,1703,18389,15559
162,3,1,60,1428,13707,12989
163,3,1,60,1640,15667,14862
164,3,1,60,1954,20894,17768
165,3,1,60,1431,13289,13054
166,3,1,60,1988,17728,17990
167,3,1,60,1881,16209,16985
168,3,1,60,2062,20467,18678
169,3,1,60,1549,14385,14139
170,3,1,60,2029,21233,18426
171,3,1,60,1639,15670,14961
172,3,1,60,1468,13202,13330
173,3,1,60,1302,11476,11852
174,3,1,60,1764,15176,16042
175,3,1,60,1951,19808,17727
176,3,1,60,1412,11708,12825
177,3,1,60,1435,12822,13060
178,3,1,60,1120,10521,10267
179,3,1,60,1541,14645,13996
180,3,1,60,1436,12841,13013
181,3,1,60,1500,13122,13649
182,3,1,60,1544,14127,14004
183,3,1,60,1399,12638,12817
184,3,1,60,1567,13909,14232
185,3,1,60,1321,11633,12027
186,3,1,60,1249,11242,11295
187,3,1,60,1649,16488,15020
188,3,1,60,1532,13877,13899
189,3,1,60,1376,14363,12514
190,3,1,60,1212,10409,11072
191,3,1,60,1426,15074,13072
192,3,1,60,1272,11844,11602
193,3,1,60,1220,13761,11032
194,3,1,60,1423,13597,12918
195,3,1,60,1151,10348,10535
196,3,1,60,1590,14162,14447
197,3,1,60,1870,16555,16889
198,3,1,60,1292,11788,11679
199,3,1,60,1949,18524,17700
200,3,1,60,1390,13537,12644
201,3,1,60,1546,13539,14117
202,3,1,60,1541,13066,14094
203,3,1,60,1297,13398,11818
204,3,1,60,1541,15131,14033
205,3,1,60,1318,11655,11958
206,3,1,60,1856,18154,16894
207,3,1,60,1460,13109,13262
208,3,1,60,1325,12377,12120
209,3,1,60,1413,12909,12837
210,3,1,60,1866,16123,16907
211,3,1,60,1460,13195,13302
212,3,1,60,1555,12928,14173
213,3,1,60,1345,11382,12178
214,3,1,60,1717,15699,15633
215,3,1,60,1509,16084,13584
216,3,1,60,1155,10522,10638
217,3,1,60,1326,13160,12025
218,3,1,60,1398,13207,12747
219,3,1,60,1534,13613,13947
220,3,1,60,1467,13126,13419
221,3,1,60,1366,13819,12368
222,3,1,60,1536,15645,13989
223,3,1,60,1490,12396,13495
224,3,1,60,1243,14632,11245
225,3,1,60,1479,17430,13365
226,3,1,60,1332,11612,12154
227,3,1,60,1267,11717,11595
228,3,1,60,1244,12030,11342
229,3,1,60,1953,20553,17792
230,3,1,60,1257,10817,11426
231,3,1,60,1298,11362,11893
232,3,1,60,1475,14051,13368
233,3,1,60,1540,15126,14000
234,3,1,60,1314,13856,12042
235,3,1,60,1585,13748,14390
236,3,1,60,1444,13871,13077
237,3,1,60,1272,11433,11587
238,3,1,60,1550,13459,14069
239,3,1,60,2035,21359,18437
240,3,1,60,1675,15420,15216
241,3,1,60,1491,15534,13616
242,3,1,60,1575,15484,14184
243,3,1,60,1728,16623,15591
244,3,1,60,1939,17877,17550
245,3,1,60,1355,11460,12328
246,3,1,60,1378,13709,12501
247,3,1,60,1426,12553,12979
248,3,1,60,1615,14349,14746
249,3,1,60,1340,12090,12285
250,3,1,60,1536,13164,13945
251,3,1,60,1444,12990,13120
252,3,1,60,1426,13859,12915
253,3,1,60,1614,15557,14616
254,3,1,60,1270,10872,11538
255,3,1,60,1066,9832,9661
256,3,1,60,1974,18786,17872
257,3,1,60,1562,13500,14130
258,3,1,60,1344,11674,12255
259,3,1,60,1460,12979,13304
260,3,1,60,1579,13834,14236
261,3,1,60,1409,11904,12784
262,3,1,60,1429,15430,13008
263,3,1,60,1436,13715,13042
264,3,1,60,1882,18047,16996
265,3,1,60,2067,19825,18692
266,3,1,60,1398,12095,12686
267,3,1,60,1317,13310,11883
268,3,1,60,1606,13898,14660
269,3,1,60,1096,10247,10067
270,3,1,60,1793,17510,16201
271,3,1,60,1313,14774,12021
272,3,1,60,1385,14215,12537
273,3,1,60,1550,13724,14083
274,3,1,60,1296,11479,11825
275,3,1,60,1367,12497,12402
276,3,1,60,1855,21090,16820
277,3,1,60,1365,12742,12365
278,3,1,60,1562,13112,14142
279,3,1,60,1628,12857,14813
280,3,1,60,1502,13812,13633
281,3,1,60,1270,11050,11623
282,3,1,60,1463,13373,13257
283,3,1,60,1309,11555,11922
284,3,1,60,1683,15356,15291
285,3,1,60,1352,12079,12318
286,3,1,60,1337,11306,12225
287,3,1,60,1413,13680,12782
288,3,1,60,1480,20227,13468
289,3,1,60,1537,14459,13966
290,3,1,60,1920,16452,17404
291,3,1,60,1201,10563,10947
292,3,1,60,1447,12119,13095
293,3,1,60,1626,14611,14767
294,3,1,60,1380,13012,12519
295,3,1,60,1215,10352,11081
296,3,1,60,1462,13199,13279
297,3,1,60,1181,10265,10776
298,3,1,60,1622,13232,14746
299,3,1,60,1278,11930,11651
300,3,1,60,1691,14335,15385
301,3,1,60,1163,10183,10560
302,3,1,60,1223,10182,11234
303,3,1,60,1592,15416,14469
304,3,1,60,1327,13170,12011
305,3,1,60,1214,11399,11137
306,3,1,60,1696,13520,15381
307,3,1,60,1237,13021,11280
308,3,1,60,1139,11398,10426
309,3,1,60,1523,13142,13903
310,3,1,60,1418,12523,12888
311,3,1,60,1273,11117,11642
312,3,1,60,1607,14315,14655
313,3,1,60,1338,13063,12189
314,3,1,60,1566,14359,14267
315,3,1,60,1264,10726,11568
316,3,1,60,1467,14278,13367
317,3,1,60,1619,13306,14769
318,3,1,60,1892,18377,17142
319,3,1,60,1568,17354,14278
320,3,1,60,1238,11414,11273
321,3,1,60,1603,14712,14584
322,3,1,60,1535,16174,13930
323,3,1,60,1503,16526,13761
324,3,1,60,1295,12538,11818
325,3,1,60,1555,17253,14136
326,3,1,60,1331,11981,12132
327,3,1,60,1487,13235,13485
328,3,1,60,1488,15008,13617
329,3,1,60,1652,14109,14990
330,3,1,60,1953,20939,17681
331,3,1,60,1596,14993,14468
332,3,1,60,1559,15217,14200
333,3,1,60,1627,13945,14874
334,3,1,60,1377,12441,12576
335,3,1,60,1584,14054,14426
336,3,1,60,1428,13411,13010
337,3,1,60,1643,15969,14931
338,3,1,60,1494,13753,13551
339,3,1,60,1595,14841,14400
340,3,1,60,1095,9903,10006
341,3,1,60,1476,13934,13512
342,3,1,60,1540,14511,13914
343,3,1,60,1829,14973,16506
344,3,1,60,1294,11530,11745
345,3,1,60,1798,16567,16299
346,3,1,60,1099,9553,10031
347,3,1,60,1582,13765,14314
348,3,1,60,1106,10013,10078
349,3,1,60,1680,17366,15291
350,3,1,60,1326,11767,12032
351,3,1,60,1250,10105,11413
352,3,1,60,1414,13916,12826
353,3,1,60,1793,17494,16274
354,3,1,60,1379,14496,12484
355,3,1,60,1535,14791,13991
356,3,1,60,1142,11442,10443
357,3,1,60,1816,16000,16534
358,3,1,60,1514,14563,13714
359,3,1,60,1289,10924,11786
360,3,1,60,1499,13339,13717
361,3,1,60,1256,12185,11525
362,3,1,60,1497,12899,13669
363,3,1,60,1466,15589,13328
364,3,1,60,1627,12582,14776
365,3,1,60,1550,13639,14170
366,3,1,60,1785,14821,16222
367,3,1,60,1590,14218,14491
368,3,1,60,1141,10098,10280
369,3,1,60,1285,12505,11695
370,3,1,60,1599,13841,14672
371,3,1,60,1478,14368,13405
372,3,1,60,1466,13224,13370
373,3,1,60,1547,15984,13991
374,3,1,60,2219,19203,20198
375,3,1,60,1215,10475,11148
376,3,1,60,1675,14747,15233
377,3,1,60,1749,17994,15964
378,3,1,60,1141,10098,10280
379,3,1,60,1714,16771,15555

