"Num","Bib","Gender","Age","Time5k","OfficialTime","Result"
1,3,1,20,1448,12962,12942
2,3,1,20,1820,19274,16267
3,3,1,20,1547,15292,13903
4,3,1,20,1279,11566,11376
5,3,1,20,1543,14873,13920
6,3,1,20,1879,15895,16876
7,3,1,20,1281,11618,11325
8,3,1,20,1282,11585,11401
9,3,1,20,1937,20213,17290
10,3,1,20,1622,14401,14492
11,3,1,20,1781,15965,16030
12,3,1,20,1202,10662,10824
13,3,1,20,1472,14902,13159
14,3,1,20,1536,16194,13823
15,3,1,20,1475,13937,13156
16,3,1,20,1736,15308,15444
17,3,1,20,1417,15415,12725
18,3,1,20,1641,15795,14698
19,3,1,20,1429,12263,12870
20,3,1,20,1348,12227,12050
21,3,1,20,1399,14183,12523
22,3,1,20,1372,12919,12190
23,3,1,20,1083,10650,9647
24,3,1,20,1159,10305,10317
25,3,1,20,1174,13801,10517
26,3,1,20,1348,12006,11941
27,3,1,20,1583,13818,14172
28,3,1,20,1719,14212,15496
29,3,1,20,1700,15938,15280
30,3,1,20,1283,11221,11444
31,3,1,20,1677,17013,14931
32,3,1,20,1557,13276,13932
33,3,1,20,1637,14423,14698
34,3,1,20,1388,12559,12400
35,3,1,20,1300,13399,11642
36,3,1,20,2318,18570,20769
37,3,1,20,1581,15613,14125
38,3,1,20,1115,10524,9957
39,3,1,20,1341,12499,11915
40,3,1,20,1167,11198,10435
41,3,1,20,1440,13315,12925
42,3,1,20,1525,13344,13741
43,3,1,20,1205,10887,10724
44,3,1,20,1198,12447,10710
45,3,1,20,1849,17041,16456
46,3,1,20,1779,17061,15893
47,3,1,20,1149,10077,10271
48,3,1,20,1233,12328,10989
49,3,1,20,1615,14122,14426
50,3,1,20,1550,13846,13854
51,3,1,20,1182,12379,10573
52,3,1,20,1820,17699,16317
53,3,1,20,1484,12937,13263
54,3,1,20,1420,13092,12624
55,3,1,20,1546,13834,13910
56,3,1,20,1714,14185,15350
57,3,1,20,1409,12427,12567
58,3,1,20,1609,13990,14405
59,3,1,20,1506,14037,13509
60,3,1,20,1304,11625,11640
61,3,1,20,1283,12479,11467
62,3,1,20,1173,15409,10366
63,3,1,20,1579,14760,14184
64,3,1,20,1325,12125,11866
65,3,1,20,1605,15221,14418
66,3,1,20,1996,16461,17927
67,3,1,20,1881,17094,16927
68,3,1,20,1395,13067,12451
69,3,1,20,1416,14351,12649
70,3,1,20,1321,11292,11767
71,3,1,20,1984,20227,17738
72,3,1,20,1465,13049,13153
73,3,1,20,1528,13711,13665
74,3,1,20,1207,10878,10766
75,3,1,20,2272,21154,20402
76,3,1,20,1621,13916,14517
77,3,1,20,1491,14224,13291
78,3,1,20,1714,17726,15418
79,3,1,20,1227,11306,10892
80,3,1,20,1517,12852,13596
81,3,1,20,1474,14194,13172
82,3,1,20,1334,16077,11957
83,3,1,20,1327,11297,11976
84,3,1,20,1611,14947,14473
85,3,1,20,1464,13677,13056
86,3,1,20,1651,15618,14769
87,3,1,20,2186,19564,19685
88,3,1,20,1396,12933,12589
89,3,1,20,1485,12855,13261
90,3,1,20,1564,16846,13997
91,3,1,20,1698,15513,15114
92,3,1,20,1952,17579,17428
93,3,1,20,1280,12082,11433
94,3,1,20,1571,14634,14066
95,3,1,20,1330,14469,12030
96,3,1,20,1578,15228,14092
97,3,1,20,1226,10677,10995
98,3,1,20,1579,14994,14159
99,3,1,20,1514,12854,13552
100,3,1,20,1516,12991,13537
101,3,1,20,1524,14101,13586
102,3,1,20,1314,10833,11724
103,3,1,20,1466,12394,13079
104,3,1,20,1757,15317,15680
105,3,1,20,1418,12651,12713
106,3,1,20,1345,13559,12113
107,3,1,20,1344,13278,12051
108,3,1,20,1280,11566,11430
109,3,1,20,1875,15956,16928
110,3,1,20,1442,12888,12860
111,3,1,20,1424,12884,12721
112,3,1,20,1655,15551,14877
113,3,1,20,1755,15197,15713
114,3,1,20,1529,14586,13724
115,3,1,20,1286,13219,11562
116,3,1,20,1627,13945,14526
117,3,1,20,1701,15575,15179
118,3,1,20,1556,13872,13918
119,3,1,20,1515,12386,13541
120,3,1,20,1367,14351,12258
121,3,1,20,1999,18228,17936
122,3,1,20,1463,13444,13101
123,3,1,20,1506,13659,13506
124,3,1,20,1343,12165,12040
125,3,1,20,1456,14169,13038
126,3,1,20,1264,11484,11307
127,3,1,20,1217,11426,10784
128,3,1,20,1549,15556,13929
129,3,1,20,1640,17009,14680
130,3,1,20,1534,13600,13752
131,3,1,20,1816,15399,16207
132,3,1,20,1919,21213,17236
133,3,1,20,1724,15879,15545
134,3,1,20,1669,14968,14885
135,3,1,20,1339,21514,11919
136,3,1,20,1188,10661,10557
137,3,1,20,1701,16266,15192
138,3,1,20,1424,12485,12766
139,3,1,20,1762,14947,15768
140,3,1,20,1675,16241,14954
141,3,1,20,1850,16865,16518
142,3,1,20,1629,14696,14595
143,3,1,20,1048,9539,9368
144,3,1,20,1307,10932,11782
145,3,1,20,1262,12148,11227
146,3,1,20,1863,18794,16733
147,3,1,20,1846,16692,16486
148,3,1,20,1680,15856,15073
149,3,1,20,1539,14072,13858
150,3,1,20,1397,12856,12601
151,3,1,20,1265,11227,11343
152,3,1,20,1456,12854,13094
153,3,1,20,1388,12547,12412
154,3,1,20,1839,17574,16475
155,3,1,20,1388,11974,12394
156,3,1,20,1282,12337,11487
157,3,1,20,1426,12546,12730
158,3,1,20,1397,12250,12521
159,3,1,20,1894,19148,16945
160,3,1,20,1688,16427,15014
161,3,1,20,1703,18389,15258
162,3,1,20,1428,13707,12717
163,3,1,20,1640,15667,14632
164,3,1,20,1954,20894,17514
165,3,1,20,1431,13289,12793
166,3,1,20,1988,17728,17800
167,3,1,20,1881,16209,16819
168,3,1,20,2062,20467,18516
169,3,1,20,1549,14385,13978
170,3,1,20,2029,21233,18236
171,3,1,20,1639,15670,14725
172,3,1,20,1468,13202,13153
173,3,1,20,1302,11476,11673
174,3,1,20,1764,15176,15716
175,3,1,20,1951,19808,17515
176,3,1,20,1412,11708,12607
177,3,1,20,1435,12822,12849
178,3,1,20,1120,10521,10093
179,3,1,20,1541,14645,13879
180,3,1,20,1436,12841,12911
181,3,1,20,1500,13122,13498
182,3,1,20,1544,14127,13774
183,3,1,20,1399,12638,12574
184,3,1,20,1567,13909,14103
185,3,1,20,1321,11633,11831
186,3,1,20,1249,11242,11135
187,3,1,20,1649,16488,14806
188,3,1,20,1532,13877,13703
189,3,1,20,1376,14363,12266
190,3,1,20,1212,10409,10915
191,3,1,20,1426,15074,12675
192,3,1,20,1272,11844,11388
193,3,1,20,1220,13761,10883
194,3,1,20,1423,13597,12732
195,3,1,20,1151,10348,10324
196,3,1,20,1590,14162,14235
197,3,1,20,1870,16555,16734
198,3,1,20,1292,11788,11596
199,3,1,20,1949,18524,17489
200,3,1,20,1390,13537,12374
201,3,1,20,1546,13539,13817
202,3,1,20,1541,13066,13823
203,3,1,20,1297,13398,11597
204,3,1,20,1541,15131,13810
205,3,1,20,1318,11655,11769
206,3,1,20,1856,18154,16608
207,3,1,20,1460,13109,13067
208,3,1,20,1325,12377,11893
209,3,1,20,1413,12909,12581
210,3,1,20,1866,16123,16803
211,3,1,20,1460,13195,13037
212,3,1,20,1555,12928,14008
213,3,1,20,1345,11382,11848
214,3,1,20,1717,15699,15273
215,3,1,20,1509,16084,13556
216,3,1,20,1155,10522,10323
217,3,1,20,1326,13160,11860
218,3,1,20,1398,13207,12479
219,3,1,20,1534,13613,13710
220,3,1,20,1467,13126,13148
221,3,1,20,1366,13819,12252
222,3,1,20,1536,15645,13771
223,3,1,20,1490,12396,13322
224,3,1,20,1243,14632,11125
225,3,1,20,1479,17430,13253
226,3,1,20,1332,11612,11889
227,3,1,20,1267,11717,11310
228,3,1,20,1244,12030,11108
229,3,1,20,1953,20553,17493
230,3,1,20,1257,10817,11216
231,3,1,20,1298,11362,11691
232,3,1,20,1475,14051,13154
233,3,1,20,1540,15126,13733
234,3,1,20,1314,13856,11882
235,3,1,20,1585,13748,14196
236,3,1,20,1444,13871,12894
237,3,1,20,1272,11433,11390
238,3,1,20,1550,13459,13841
239,3,1,20,2035,21359,18231
240,3,1,20,1675,15420,15011
241,3,1,20,1491,15534,13254
242,3,1,20,1575,15484,14120
243,3,1,20,1728,16623,15451
244,3,1,20,1939,17877,17429
245,3,1,20,1355,11460,12056
246,3,1,20,1378,13709,12352
247,3,1,20,1426,12553,12721
248,3,1,20,1615,14349,14466
249,3,1,20,1340,12090,11952
250,3,1,20,1536,13164,13733
251,3,1,20,1444,12990,12885
252,3,1,20,1426,13859,12800
253,3,1,20,1614,15557,14427
254,3,1,20,1270,10872,11274
255,3,1,20,1066,9832,9472
256,3,1,20,1974,18786,17707
257,3,1,20,1562,13500,13978
258,3,1,20,1344,11674,12122
259,3,1,20,1460,12979,12994
260,3,1,20,1579,13834,14184
261,3,1,20,1409,11904,12558
262,3,1,20,1429,15430,12743
263,3,1,20,1436,13715,12895
264,3,1,20,1882,18047,16912
265,3,1,20,2067,19825,18568
266,3,1,20,1398,12095,12521
267,3,1,20,1317,13310,11738
268,3,1,20,1606,13898,14415
269,3,1,20,1096,10247,9775
270,3,1,20,1793,17510,16091
271,3,1,20,1313,14774,11780
272,3,1,20,1385,14215,12387
273,3,1,20,1550,13724,13892
274,3,1,20,1296,11479,11537
275,3,1,20,1367,12497,12202
276,3,1,20,1855,21090,16642
277,3,1,20,1365,12742,12289
278,3,1,20,1562,13112,14011
279,3,1,20,1628,12857,14601
280,3,1,20,1502,13812,13454
281,3,1,20,1270,11050,11317
282,3,1,20,1463,13373,13062
283,3,1,20,1309,11555,11757
284,3,1,20,1683,15356,15063
285,3,1,20,1352,12079,12019
286,3,1,20,1337,11306,12069
287,3,1,20,1413,13680,12620
288,3,1,20,1480,20227,13281
289,3,1,20,1537,14459,13746
290,3,1,20,1920,16452,17225
291,3,1,20,1201,10563,10861
292,3,1,20,1447,12119,12932
293,3,1,20,1626,14611,14508
294,3,1,20,1380,13012,12461
295,3,1,20,1215,10352,10934
296,3,1,20,1462,13199,13119
297,3,1,20,1181,10265,10574
298,3,1,20,1622,13232,14473
299,3,1,20,1278,11930,11446
300,3,1,20,1691,14335,15190
301,3,1,20,1163,10183,10378
302,3,1,20,1223,10182,10976
303,3,1,20,1592,15416,14269
304,3,1,20,1327,13170,11859
305,3,1,20,1214,11399,10877
306,3,1,20,1696,13520,15201
307,3,1,20,1237,13021,11004
308,3,1,20,1139,11398,10131
309,3,1,20,1523,13142,13630
310,3,1,20,1418,12523,12603
311,3,1,20,1273,11117,11368
312,3,1,20,1607,14315,14313
313,3,1,20,1338,13063,11975
314,3,1,20,1566,14359,14094
315,3,1,20,1264,10726,11302
316,3,1,20,1467,14278,13141
317,3,1,20,1619,13306,14415
318,3,1,20,1892,18377,16975
319,3,1,20,1568,17354,13960
320,3,1,20,1238,11414,11130
321,3,1,20,1603,14712,14310
322,3,1,20,1535,16174,13708
323,3,1,20,1503,16526,13497
324,3,1,20,1295,12538,11564
325,3,1,20,1555,17253,13874
326,3,1,20,1331,11981,11945
327,3,1,20,1487,13235,13282
328,3,1,20,1488,15008,13363
329,3,1,20,1652,14109,14812
330,3,1,20,1953,20939,17552
331,3,1,20,1596,14993,14254
332,3,1,20,1559,15217,13986
333,3,1,20,1627,13945,14526
334,3,1,20,1377,12441,12336
335,3,1,20,1584,14054,14241
336,3,1,20,1428,13411,12800
337,3,1,20,1643,15969,14741
338,3,1,20,1494,13753,13313
339,3,1,20,1595,14841,14293
340,3,1,20,1095,9903,9795
341,3,1,20,1476,13934,13243
342,3,1,20,1540,14511,13806
343,3,1,20,1829,14973,16364
344,3,1,20,1294,11530,11451
345,3,1,20,1798,16567,16174
346,3,1,20,1099,9553,9830
347,3,1,20,1582,13765,14164
348,3,1,20,1106,10013,9864
349,3,1,20,1680,17366,15193
350,3,1,20,1326,11767,11987
351,3,1,20,1250,10105,11064
352,3,1,20,1414,13916,12726
353,3,1,20,1793,17494,16161
354,3,1,20,1379,14496,12373
355,3,1,20,1535,14791,13752
356,3,1,20,1142,11442,10214
357,3,1,20,1816,16000,16179
358,3,1,20,1514,14563,13495
359,3,1,20,1289,10924,11463
360,3,1,20,1499,13339,13448
361,3,1,20,1256,12185,11135
362,3,1,20,1497,12899,13380
363,3,1,20,1466,15589,13090
364,3,1,20,1627,12582,14551
365,3,1,20,1550,13639,13851
366,3,1,20,1785,14821,16050
367,3,1,20,1590,14218,14234
368,3,1,20,1141,10098,10251
369,3,1,20,1285,12505,11432
370,3,1,20,1599,13841,14280
371,3,1,20,1478,14368,13218
372,3,1,20,1466,13224,13078
373,3,1,20,1547,15984,13868
374,3,1,20,2219,19203,19935
375,3,1,20,1215,10475,10880
376,3,1,20,1675,14747,15114
377,3,1,20,1749,17994,15720
378,3,1,20,1141,10098,10251
379,3,1,20,1714,16771,15361

